-50.476293
-85.170793
-88.262927
-85.168036
-88.880258
-85.592061
-88.169527
-85.371120
-88.687657
-88.219313
-87.946543
-85.952360
-87.754400
-86.637481
-86.546450
-85.700348
-87.688912
-87.888415
-87.352669
-87.243764
-86.360480
-88.009699
-86.897921
-87.011854
-85.778295
-87.774441
-86.776511
-87.455968
-86.583702
-87.404934
-87.241098
-87.090935
-85.935228
-87.283948
-87.211000
-87.121938
-86.613583
-87.386524
-87.667301
-87.347204
-87.119346
-81.597980
-87.370021
-87.358141
-87.329943
-86.959923
-87.445713
-87.291130
-87.238434
-86.804538
-87.073806
-86.641348
-87.059300
-86.998393
-87.139258
-87.106409
-86.970760
-87.126261
-86.982462
-87.126261
-86.978279
-87.258901
-87.166241
-87.306434
-88.264051
-87.192514
-87.006801
-87.257117
-87.111579
-87.241098
-87.402167
-87.060152
-87.235771
-87.113304
-87.482181
-87.247321
-87.189879
-87.068681
-87.410472
-87.392039
-87.339928
-87.090935
-85.789727
-87.269617
-87.295626
-86.898742
-87.215413
-87.188124
-87.168861
-87.206591
-87.160133
-87.198667
-87.192514
-86.919315
-87.049089
-87.137522
-85.964260
-87.232224
-87.128857
-87.241986
-87.183738
-87.291130
-87.103826
-87.108131
-87.129723
-87.049089
-86.910250
-86.907782
-86.824668
-86.628214
-86.698985
-86.605901
-86.547964
-86.687240
-86.619737
-86.746285
-86.623589
-86.661512
-86.626672
-86.589050
-86.691934
-86.507263
-86.557820
-86.457288
-86.461740
-86.380836
-86.303558
-86.063363
-86.677086
-86.082370
-85.906388
-85.652639
-85.463340
-85.328021
-84.956143
-84.718681
-84.525262
-84.002818
-84.444268
-84.702807
-84.921117
-85.312039
-85.268391
-85.371698
-85.535913
-85.646482
-85.531117
-85.480482
-85.980178
-85.795455
-86.022913
-86.068107
-86.036355
-86.208681
-86.031646
-86.022242
-85.945103
-85.905082
-85.749216
-75.730418
-83.761425
-85.317170
-85.182942
-84.872962
-84.647702
-84.340091
-83.930100
-83.472649
-83.136837
-82.800784
-82.630955
-82.167392
-81.896003
-81.802575
-81.218944
-81.523050
-81.522336
-81.552436
-81.665359
-81.680640
-81.783572
-81.651848
-81.572378
-81.532346
-81.367991
-81.281778
-80.987885
-80.834440
-80.750726
-80.471685
-80.252464
-79.874534
-77.203684
-79.055954
-78.683074
-78.289873
-78.093956
-77.785806
-77.698673
-77.371302
-77.386248
-77.312841
-77.351211
-77.479083
-77.569920
-77.746709
-77.898221
-77.729080
-77.777355
-78.003554
-78.375995
-78.522046
-78.786819
-78.746681
-78.740404
-78.377264
-78.349887
-78.405395
-77.859128
-77.477301
-77.323782
-77.302648
-77.382667
-77.213824
-76.977108
-77.856466
-78.387083
-78.918126
-78.933707
-79.289303
-79.457513
-79.637589
-79.749299
-79.678190
-79.929285
-79.689103
-79.838036
-79.808095
-79.742657
-79.914463
-79.737130
-79.814195
-79.591865
-79.513963
-79.405295
-79.259228
-79.073663
-78.859706
-78.773652
-78.529808
-78.211864
-78.456449
-78.204095
-78.222318
-78.522881
-78.353787
-71.421274
-78.648667
-78.954612
-79.332654
-79.401641
-79.710539
-79.979057
-80.322689
-79.801523
-80.720338
-80.814371
-80.841965
-81.031252
-81.023818
-81.065404
-81.184009
-81.120176
-81.163138
-81.097450
-81.257296
-81.092057
-80.746941
-80.509039
-80.109309
-80.420033
-80.077444
-79.943991
-79.794001
-79.588203
-79.484679
-79.491236
-79.431988
-79.375425
-79.517113
-79.718547
-79.718075
-80.252819
-80.393518
-80.854807
-80.988096
-81.329108
-80.503952
-81.791923
-82.080172
-82.173195
-82.147552
-82.178453
-82.150577
-82.233906
-82.308866
-82.209854
-82.081796
-81.396574
-81.819367
-81.680393
-81.562996
-81.422553
-81.366153
-81.604768
-81.317965
-81.200999
-81.290571
-81.246783
-81.404907
-79.235963
-81.784078
-81.774733
-82.050498
-82.408729
-82.753747
-83.078878
-83.298272
-83.527075
-83.974255
-84.057954
-84.152449
-84.253956
-84.405255
-84.359721
-84.475169
-84.434482
-84.561537
-84.324633
-84.575940
-84.629650
-84.705779
-84.906563
-85.120350
-84.951422
-85.330308
-85.593884
-85.915544
-85.928656
-86.072177
-86.254445
-86.314309
-85.909002
-86.418893
-86.426251
-86.420364
-86.141272
-86.205880
-85.895297
-85.807571
-85.332025
-84.213068
-85.370542
-85.050593
-84.886371
-84.665338
-84.571614
-84.608764
-84.456415
-84.530018
-84.494476
-84.674675
-84.767156
-85.000459
-85.152632
-85.244767
-85.182942
-85.568426
-85.593276
-85.754890
-85.627449
-85.594492
-85.572659
-85.592668
-84.344649
-85.453912
-85.553343
-85.346932
-85.236920
-85.163079
-85.057035
-84.866788
-84.605858
-84.463438
-83.205390
-84.115529
-83.933832
-83.815983
-83.623704
-83.514252
-83.510488
-83.596753
-83.626408
-83.791427
-83.907778
-84.083639
-84.238800
-84.511026
-84.415439
-84.653573
-85.034530
-85.336606
-85.504832
-85.785278
-86.110351
-85.961613
-83.174982
-86.053891
-86.030973
-86.002161
-86.141272
-85.999490
-85.921440
-85.858313
-85.603012
-85.801190
-85.614602
-85.497691
-85.394863
-85.540114
-84.985637
-85.126351
-85.102941
-85.004704
-85.144950
-85.268955
-85.256000
-85.362466
-85.201786
-85.333742
-84.996219
-85.229088
-85.148789
-85.159777
-85.245889
-85.148789
-85.211239
-85.114358
-81.089686
-85.050593
-85.032927
-85.147692
-84.928413
-85.105114
-84.984580
-85.208457
-84.911755
-85.080198
-85.240842
-85.183495
-85.384423
-85.298955
-85.312609
-85.277425
-85.647713
-85.485815
-85.516760
-85.782102
-85.797365
-86.014199
-86.002161
-85.512581
-86.039048
-86.384481
-86.476613
-86.451359
-86.422571
-86.701338
-86.668513
-78.313688
-81.989364
-86.806949
-86.649092
-86.684894
-86.851384
-86.720206
-86.969091
-86.780504
-86.318617
-86.250200
-86.478103
-86.362657
-86.481830
-86.442480
-86.536620
-86.416689
-85.947081
-86.238196
-86.125440
-86.079649
-86.471401
-86.095314
-85.668690
-85.813961
-85.330881
-84.848316
-85.984832
-85.604840
-85.956984
-86.408614
-86.490042
-86.604367
-74.787102
-86.020230
-87.264256
-87.522748
-86.997553
-87.370021
-87.716575
-87.730472
-87.290232
-87.836145
-87.801645
-87.948633
-88.007579
-87.916344
-87.737437
-87.606001
-87.714593
-87.903909
-87.893573
-88.107273
-88.221539
-88.073787
-87.878116
-88.186059
-87.902874
-88.125747
-88.231570
-88.299043
-87.934021
-87.849409
-88.201546
-88.374495
-83.522922
-87.816832
-88.285465
-87.652627
-87.642872
-87.796594
-87.824953
-87.923614
-87.546508
-87.099525
-87.559871
-87.616642
-87.455035
-87.705686
-87.176731
-86.945791
-86.954098
-86.284987
-86.550994
-86.507263
-86.302127
-86.048488
-85.875144
-85.542516
-84.961395
-85.550333
-85.045768
-84.983524
-85.032393
-85.148789
-85.698479
-85.840904
-69.092425
-86.233263
-86.096679
-86.357580
-86.014868
-86.229039
-86.193300
-86.436572
-85.224061
-86.515523
-86.171025
-86.461740
-86.506513
-86.393972
-85.784007
-86.372100
-86.193300
-86.294263
-86.360480
-86.425514
-86.271465
-86.132317
-86.032318
-86.018889
-85.081278
-85.663745
-85.575685
-85.409404
-84.938333
-85.031325
-84.925285
-84.730126
-77.963085
-84.393250
-84.146347
-83.482358
-83.699283
-83.579897
-83.515382
-83.352357
-80.560050
-83.400515
-83.263297
-83.128559
-83.251583
-83.184745
-83.225077
-83.186840
-83.186142
-83.325591
-83.303650
-83.526698
-83.526698
-83.504471
-83.407491
-83.345107
-82.804620
-83.008589
-82.916715
-82.807820
-82.639567
-79.902807
-82.403476
-82.447440
-71.044987
-82.488580
-82.407269
-82.490365
-82.546357
-82.429508
-82.856420
-83.075132
-82.578420
-83.160725
-83.160031
-83.446617
-83.465940
-83.763817
-83.744316
-83.888852
-83.701248
-83.866332
-83.737175
-83.356713
-83.062556
-82.751851
-82.421301
-81.935620
-81.432569
-81.241424
-80.963536
-81.013853
-80.759105
-80.554521
-80.304487
-79.994101
-77.233554
-79.405880
-79.280202
-79.312570
-79.384583
-79.717761
-80.117225
-80.300532
-80.414496
-80.608772
-81.101122
-81.259312
-81.435601
-81.680146
-81.887191
-82.068008
-82.215157
-82.533718
-82.642339
-82.926572
-82.972869
-83.029085
-83.119609
-83.302216
-83.102791
-83.397581
-83.237426
-83.330642
-83.162461
-83.197331
-83.191733
-83.104504
-71.319260
-82.714726
-82.776566
-82.648814
-82.582064
-82.678848
-82.923941
-82.933815
-82.767044
-83.560823
-83.815579
-84.155504
-84.621867
-84.962446
-85.170793
-85.585381
-85.666217
-86.042417
-86.129565
-86.116518
-86.190510
-86.113091
-86.157161
-84.647702
-85.201231
-85.500070
-85.079658
-84.602954
-84.240135
-83.993977
-84.029451
-83.824064
-81.567083
-83.762621
-83.830135
-83.641506
-83.395016
-83.269344
-83.055096
-82.744905
-82.312863
-82.119600
-81.918895
-81.689043
-81.692260
-81.208744
-80.534944
-80.331005
-79.882034
-79.521015
-79.309565
-79.279776
-79.105478
-78.918648
-78.863190
-78.851719
-78.812382
-78.866805
-79.016470
-79.172863
-79.507372
-79.627420
-79.515313
-79.975388
-70.185648
-80.333358
-80.450615
-80.488914
-80.231722
-80.109997
-64.283113
-79.962735
-79.639132
-79.280486
-79.122843
-79.062299
-78.741282
-78.218868
-76.122281
-77.490546
-77.142209
-76.683410
-76.378796
-76.000692
-76.191556
-75.868210
-75.769108
-75.834024
-75.958835
-76.173387
-76.378432
-76.706911
-76.223062
-70.051696
-77.031786
-77.021893
-77.024850
-77.600208
-77.386799
-77.338747
-77.624204
-77.362158
-77.410934
-77.340292
-77.071328
-76.666178
-76.945293
-76.762724
-76.313879
-76.262450
-76.247726
-75.848375
-75.533754
-75.444856
-75.415235
-75.021083
-74.870800
-75.021776
-75.033194
-75.227635
-75.297706
-75.476693
-75.600211
-75.841934
-76.090813
-76.423969
-76.725173
-76.960256
-76.041271
-77.574330
-77.762105
-77.724113
-77.796796
-77.914995
-77.916551
-78.255291
-77.931001
-78.054032
-77.981376
-77.861689
-77.772032
-77.491675
-77.508648
-77.294007
-77.063562
-76.910333
-76.585917
-77.043569
-77.216915
-76.959340
-76.437458
-76.627443
-76.630143
-76.676150
-76.583855
-76.418011
-76.616890
-76.678959
-76.715560
-76.837520
-76.592874
-76.770130
-76.921955
-76.789701
-76.510715
-76.115626
-75.823180
-75.213021
-75.015758
-74.881003
-74.804149
-74.570557
-74.827679
-74.805670
-74.683194
-75.127115
-75.430137
-75.915347
-76.167971
-76.778587
-77.190669
-77.471489
-77.779969
-78.158211
-78.486401
-78.499674
-78.749949
-79.102477
-79.277362
-79.609913
-79.618044
-79.890854
-76.494827
-79.804888
-79.843532
-79.704739
-79.799281
-79.560233
-79.977723
-80.308085
-80.949534
-81.605496
-82.153605
-82.703150
-82.922627
-83.676940
-84.104298
-84.633059
-85.093721
-85.531716
-86.134382
-86.181452
-85.345783
-86.656074
-86.913544
-85.821642
-87.161877
-87.133188
-87.057597
-87.175856
-86.837601
-87.000914
-86.896279
-86.673187
-86.461740
-86.524552
-86.483322
-86.282849
-86.286412
-86.413017
-86.303558
-86.365560
-86.032990
-85.807571
-85.923407
-86.307856
-86.618968
-86.706832
-85.687284
-87.370936
-87.417867
-87.393878
-87.501945
-87.934021
-88.004401
-88.166228
-88.109442
-88.030957
-88.154154
-84.755112
-88.266300
-88.286595
-88.251702
-88.145393
-84.067354
-88.124658
-79.270411
-88.088878
-87.971695
-87.841242
-88.101855
-87.668281
-88.035221
-87.884292
-87.966443
-87.923614
-88.119218
-86.752631
-87.026203
-76.550464
-87.863739
-88.616359
-88.610267
-88.655551
-88.386043
-88.296777
-88.599323
-88.466567
-88.589618
-83.246623
-88.246101
-88.443072
-88.326329
-88.566656
-88.615140
-88.737520
-88.701312
-88.659244
-88.480725
-88.035221
-88.634686
-88.344615
-88.621239
-88.631015
-88.492559
-88.612703
-88.287725
-88.577518
-88.318353
-88.737520
-88.592043
-88.697584
-88.604184
-88.676517
-88.718754
-88.564246
-88.701312
-88.683941
-88.512750
-88.373342
-88.676517
-88.615140
-88.420870
-88.436049
-87.920497
-87.744414
-88.005460
-88.039489
-88.617579
-88.458329
