-50.020285
-85.162528
-87.966443
-85.168587
-88.963980
-85.629900
-87.999109
-85.473972
-88.801935
-87.744414
-87.706675
-86.028957
-87.611802
-86.659180
-86.657627
-85.709703
-87.417867
-87.817846
-87.303729
-86.961588
-86.587522
-88.072711
-86.964088
-87.226023
-85.780198
-87.686943
-86.724936
-87.462506
-86.672408
-87.437341
-87.212765
-87.052490
-87.424349
-87.188124
-87.246431
-87.144467
-86.684894
-87.318172
-87.555094
-87.333571
-87.123667
-83.192782
-87.399403
-87.359054
-87.264256
-87.026203
-87.411396
-87.219831
-87.278568
-86.892179
-87.105548
-86.642896
-86.372828
-86.396896
-87.122802
-87.133188
-87.096946
-87.190757
-86.986648
-87.262470
-87.021133
-87.315461
-87.112441
-87.226023
-86.245960
-87.140993
-87.013540
-87.294726
-87.068681
-87.137522
-87.370021
-87.109855
-87.126261
-87.080650
-87.356317
-87.246431
-87.013540
-87.021978
-87.408625
-87.218063
-87.358141
-87.039751
-84.707266
-87.170608
-87.333571
-86.916841
-87.116755
-86.999233
-86.998393
-87.100385
-87.043144
-87.219831
-87.369106
-87.144467
-87.102105
-87.214530
-86.561616
-87.025357
-86.254445
-87.246431
-87.068681
-87.223368
-86.945791
-87.061004
-86.850572
-87.053341
-87.094369
-86.849761
-86.739949
-86.812579
-86.826283
-86.582176
-86.728092
-86.786900
-86.415220
-86.458029
-86.109667
-85.881635
-85.579924
-85.427504
-85.339472
-85.305777
-85.315459
-85.194572
-85.613992
-85.805655
-85.857021
-85.994154
-77.037038
-86.200285
-86.046463
-85.964922
-85.783372
-85.334315
-85.081278
-84.617009
-84.201141
-83.379289
-83.289681
-81.995200
-80.454523
-82.237834
-83.979701
-84.693410
-84.756615
-84.790334
-84.892057
-85.042019
-85.026521
-85.345783
-85.652023
-85.653872
-85.599967
-85.619492
-85.714075
-85.697234
-85.789091
-85.912272
-85.798640
-76.325087
-83.723717
-85.749216
-85.796728
-85.644021
-85.596316
-85.512581
-85.326877
-85.407657
-85.177968
-85.025454
-84.722161
-84.139818
-83.915619
-83.848399
-83.193831
-83.128904
-82.915403
-82.543345
-82.050766
-81.512111
-77.113217
-80.436317
-79.885298
-79.616355
-79.259086
-78.855968
-78.078093
-78.279481
-78.168867
-78.158870
-78.285465
-78.146816
-72.930324
-78.271928
-78.149224
-78.230231
-78.095902
-78.172168
-77.905047
-78.128252
-78.071420
-78.204095
-78.093956
-77.911365
-57.222664
-77.522653
-77.631972
-77.666125
-77.663481
-77.849307
-77.858206
-77.829121
-77.920081
-77.922159
-77.990128
-77.718359
-77.640339
-78.040877
-78.079386
-78.289873
-78.223098
-76.676384
-78.772135
-78.911596
-78.606616
-79.410416
-79.686762
-69.223802
-79.977889
-80.197722
-80.246959
-80.169387
-79.946640
-80.149037
-79.854382
-79.874208
-79.830451
-79.671190
-79.473376
-79.333517
-79.369330
-79.205694
-79.263896
-79.185354
-78.885833
-78.733259
-78.637994
-78.457036
-78.418889
-78.237153
-78.013199
-78.166118
-78.085963
-77.935584
-78.026165
-77.931730
-77.415093
-78.194570
-78.241289
-78.519541
-78.497894
-78.796594
-79.002988
-79.181047
-79.375279
-79.636972
-79.755951
-79.909370
-80.022154
-80.274377
-80.265456
-80.621909
-80.767901
-81.003067
-81.163796
-81.442608
-81.573823
-81.404212
-81.567805
-81.337998
-81.588059
-81.619837
-81.680393
-81.519242
-80.905112
-81.500963
-81.284256
-81.294635
-80.090436
-81.078710
-80.828146
-80.628880
-80.715591
-80.478231
-80.261180
-80.162767
-80.252997
-79.905103
-79.901003
-79.880565
-79.676634
-79.660477
-79.695976
-79.609453
-79.653815
-79.612366
-79.729876
-79.622499
-78.768219
-79.917917
-80.121534
-80.285823
-80.779321
-81.312291
-81.478752
-81.575991
-81.641559
-81.563476
-81.785848
-81.779782
-82.090470
-82.216832
-82.373834
-83.058485
-82.838011
-83.129938
-83.314787
-83.381480
-83.300781
-83.697318
-83.781003
-83.699676
-83.825682
-83.839055
-83.856134
-83.860210
-83.538043
-83.696140
-83.301140
-83.633370
-83.486847
-83.873280
-84.266924
-84.294330
-84.448469
-84.768161
-85.161978
-85.384423
-85.659423
-85.892691
-86.035009
-86.158545
-85.604231
-85.984167
-85.980178
-85.888786
-85.739775
-85.689148
-85.487001
-85.364195
-85.014800
-85.211796
-85.137282
-84.849852
-84.900340
-84.776211
-84.637935
-84.565373
-84.486931
-84.431690
-84.282628
-84.235686
-84.192327
-84.389563
-84.451739
-84.405255
-84.210857
-84.261106
-84.341002
-84.238800
-84.276340
-84.411270
-84.442869
-84.462501
-78.032342
-84.768664
-84.840131
-84.812114
-84.923721
-84.865759
-84.864217
-84.733117
-84.439139
-84.585568
-83.529720
-84.409418
-84.510552
-84.270957
-84.197173
-84.279932
-84.087505
-84.405255
-84.044317
-84.172562
-84.217494
-84.027331
-84.243252
-84.135905
-83.866740
-83.936736
-84.147218
-84.122021
-84.055821
-84.385879
-84.172562
-84.186168
-84.353320
-84.427505
-84.421004
-84.293880
-84.388642
-84.356977
-84.466720
-84.363841
-84.122021
-84.313301
-84.536208
-84.409418
-84.585087
-84.665829
-84.335539
-84.837066
-84.934154
-85.008952
-84.893091
-85.016397
-85.028121
-84.920596
-85.030257
-84.750103
-84.651125
-84.818720
-84.801464
-84.899304
-84.573056
-84.778226
-84.686498
-84.812621
-81.652830
-84.721166
-84.459223
-84.507711
-84.484105
-84.340091
-84.424253
-84.523361
-84.256636
-84.083210
-84.316471
-84.204230
-83.785410
-84.128524
-84.131127
-84.131127
-84.202906
-84.255295
-84.312849
-84.547660
-84.599084
-84.748601
-84.965076
-84.563455
-84.698353
-85.023321
-84.748101
-85.182942
-84.964550
-85.108918
-85.126897
-78.484508
-85.156478
-85.427504
-85.336033
-85.348080
-85.340045
-85.458623
-85.403000
-85.392541
-84.163806
-84.700332
-84.166868
-84.385419
-84.726142
-83.890905
-84.648680
-85.169690
-84.616039
-84.940425
-84.323725
-85.011609
-85.443917
-85.112181
-83.838243
-83.937982
-85.059185
-85.649560
-86.000825
-86.035682
-85.994154
-86.118575
-85.898556
-85.893342
-71.863667
-82.530414
-81.463929
-83.343296
-83.797453
-82.594845
-84.183971
-84.906563
-85.297820
-85.956323
-86.039048
-86.126128
-86.308572
-85.636034
-84.673200
-86.220604
-85.916853
-86.070820
-86.087134
-86.675526
-86.877449
-86.971595
-86.496024
-86.535110
-86.028957
-85.665599
-85.871902
-86.830322
-86.683332
-86.405682
-84.804504
-86.763759
-84.255295
-81.725560
-84.249493
-84.288475
-83.981797
-86.052540
-85.572659
-85.864132
-85.656338
-85.424579
-85.500070
-85.433358
-83.956289
-83.850433
-81.518766
-80.444853
-80.309885
-76.828302
-77.453915
-81.786607
-80.891503
-81.948468
-82.330606
-82.030113
-82.327452
-82.821605
-74.779737
-78.291004
-83.088086
-80.864412
-81.219832
-82.600334
-73.425792
-82.942390
-83.532367
-82.888256
-81.440037
-82.320581
-81.963199
-82.851568
-83.563488
-83.416319
-83.766211
-83.148592
-84.176946
-84.508184
-84.209089
-84.225915
-84.145476
-84.085357
-83.803486
-83.932587
-83.781403
-83.778601
-83.543347
-83.499214
-83.034140
-83.188936
-82.981189
-82.848013
-82.670467
-82.650049
-82.470182
-82.309152
-79.233292
-81.862662
-81.778519
-81.534494
-81.371669
-81.190841
-81.313879
-81.293731
-78.615750
-81.160947
-81.205202
-81.142586
-81.163577
-81.190180
-81.432802
-81.225164
-81.267387
-81.446817
-81.439337
-81.514012
-81.471687
-81.585160
-81.718083
-81.839040
-81.778519
-81.872715
-81.920460
-82.098074
-82.133006
-80.725884
-82.180115
-82.288371
-72.903084
-82.275045
-82.360531
-82.093727
-81.918374
-81.846985
-81.884085
-81.750579
-81.273902
-81.520670
-81.207637
-81.097019
-81.161166
-80.894592
-80.740175
-80.471124
-80.512811
-80.515265
-79.998457
-80.220594
-79.871928
-79.804086
-79.724365
-79.819178
-79.514413
-79.921868
-79.873557
-79.776925
-79.947800
-80.025189
-79.709441
-79.990753
-78.856226
-79.747400
-80.036164
-80.074885
-80.195792
-80.012727
-79.999462
-80.007181
-80.033798
-79.759123
-80.122396
-80.172003
-80.219360
-80.194038
-80.197371
-80.441511
-80.505459
-80.717568
-80.839320
-81.174989
-80.821658
-81.120610
-81.121696
-81.430937
-81.179607
-81.451733
-81.479223
-81.376500
-81.615213
-81.428373
-81.696222
-81.512586
-72.512107
-81.446583
-81.376960
-81.478281
-81.483468
-81.517339
-81.594106
-81.799783
-82.032254
-82.325733
-80.237385
-83.118233
-82.952636
-83.702428
-83.763418
-84.006191
-84.288475
-84.356977
-84.577383
-84.697364
-84.796401
-84.787304
-84.842687
-83.490591
-83.697318
-83.395748
-83.141328
-82.643264
-82.513632
-81.950044
-81.550279
-81.497648
-80.241283
-81.245666
-81.074843
-81.196138
-81.027427
-81.138443
-81.320237
-81.058552
-81.194813
-80.931835
-81.178727
-81.097882
-80.988517
-81.070335
-80.768701
-80.878757
-80.393518
-80.503011
-80.267239
-80.204571
-79.907728
-77.059726
-79.468923
-79.275091
-79.212962
-78.819020
-78.394376
-78.161943
-77.614318
-77.674460
-76.990672
-77.011012
-75.942336
-76.436646
-76.609510
-76.237209
-76.497371
-76.184794
-72.274309
-76.463373
-76.376830
-76.867738
-76.822651
-77.227971
-77.228148
-77.313022
-77.215148
-77.418978
-77.901529
-77.678879
-77.821601
-78.026910
-78.007261
-78.273505
-77.962246
-78.273618
-78.157992
-78.293154
-78.517872
-78.157772
-78.470810
-78.281286
-78.168977
-78.199108
-77.976428
-78.139818
-77.683696
-77.819064
-77.404749
-77.126867
-77.172269
-76.349977
-76.050378
-76.002294
-76.220814
-75.973804
-75.384713
-75.659423
-75.195792
-75.053867
-74.790991
-73.716767
-74.786395
-73.534371
-74.100072
-74.323907
-74.443475
-74.691829
-74.552823
-75.075609
-75.107124
-75.432011
-75.835566
-75.985630
-76.529149
-76.729435
-73.885200
-77.258455
-77.452422
-77.903495
-77.659958
-78.388934
-78.056711
-78.539499
-78.675034
-78.493151
-79.034690
-78.820042
-79.531539
-79.864934
-80.331729
-80.454709
-79.328055
-80.133275
-79.103704
-80.059389
-79.366431
-78.937118
-79.487360
-78.526104
-78.765316
-77.764710
-77.939234
-72.605280
-77.008738
-77.414630
-76.589356
-77.359784
-76.635703
-74.239423
-76.846677
-76.453878
-76.990252
-76.277722
-76.954098
-73.884380
-76.958923
-77.372035
-77.044672
-77.493370
-77.000325
-77.153337
-77.050279
-76.866026
-77.323782
-76.551828
-76.797474
-70.649782
-76.536544
-76.755252
-76.448471
-76.741849
-76.928563
-75.316428
-77.904219
-77.804071
-78.704795
-78.711021
-79.086823
-80.205977
-79.561294
-81.338682
-81.506178
-82.218509
-82.645730
-82.966889
-83.733212
-83.790624
-84.337815
-84.687485
-84.764142
-85.212352
-85.270083
-85.692878
-85.846055
-85.892691
-86.187721
-86.070142
-86.453581
-86.421099
-84.340091
-86.560857
-86.616659
-86.047813
-86.513269
-86.587522
-86.840840
-86.721782
-86.184237
-86.714694
-86.629757
-86.628986
-85.717827
-86.886444
-86.766147
-86.763759
-86.680208
-86.283561
-85.145498
-81.130823
-83.437727
-84.712722
-85.293279
-86.196791
-86.385940
-86.751044
-84.946705
-87.530337
-87.634111
-87.502889
-87.506664
-87.921536
-87.501002
-87.831054
-87.719549
-87.593459
-86.676306
-86.811774
-87.469991
-87.256226
-87.387442
-87.547461
-81.575509
-87.554139
-84.682061
-88.075939
-88.013942
-87.891509
-88.166228
-88.173929
-88.147582
-88.182747
-88.287725
-87.891509
-88.202654
-71.784078
-85.239161
-76.623280
-87.734451
-88.242743
-88.148676
-88.382575
-87.921536
-87.588645
-88.322909
-88.258434
-88.314939
-83.819214
-87.814804
-88.021378
-87.696798
-88.222652
-88.271928
-88.170627
-88.505613
-88.251702
-87.496289
-87.833090
-88.208200
-88.134468
-88.225994
-88.350345
-88.237153
-88.073787
-88.127925
-88.295645
-87.847366
-88.153058
-88.210420
-88.320630
-88.232686
-88.332035
-88.243862
-88.131195
-88.186059
-88.237153
-87.907014
-87.682024
-88.234919
-88.159638
-88.112698
-87.925693
-87.127126
-87.007643
-87.506664
-87.455035
-88.072711
-87.918420
