-45.576207
-85.729101
-88.397621
-84.973499
-89.111759
-86.135070
-88.316077
-85.463930
-89.106297
-87.914269
-87.903909
-86.083050
-87.472801
-86.879900
-86.677086
-85.695366
-87.619549
-87.871949
-87.288435
-87.091793
-86.562376
-88.149771
-87.042296
-87.169734
-85.905735
-87.844303
-86.899563
-87.469055
-86.700553
-87.606968
-87.230451
-87.250880
-84.441936
-87.372767
-87.355404
-87.276777
-86.823055
-87.439200
-87.679076
-87.398481
-87.328130
-84.337815
-87.556049
-87.425276
-87.473738
-87.029586
-87.609868
-87.516118
-87.379181
-87.029586
-87.253552
-87.055894
-86.823861
-86.847326
-87.204829
-86.988324
-87.271406
-87.142730
-87.174981
-87.267829
-87.073806
-87.463441
-87.265149
-87.252661
-81.421623
-87.350847
-86.985811
-87.393878
-87.319981
-87.251771
-87.443851
-87.359967
-87.295626
-85.639104
-87.455035
-87.313654
-87.157518
-87.148813
-87.524644
-87.384687
-87.508553
-87.163622
-86.432145
-87.401246
-87.354493
-87.039751
-87.332664
-87.360880
-87.348115
-87.211000
-87.170608
-87.402167
-87.465312
-87.268723
-87.078082
-87.365448
-87.821906
-87.073806
-87.077227
-87.294726
-87.190757
-87.201307
-87.096946
-87.095228
-87.079794
-87.258901
-87.062709
-86.622818
-86.983299
-87.123667
-86.944131
-87.043144
-86.968257
-86.956593
-85.790999
-86.771725
-86.798918
-86.504263
-86.674746
-86.550994
-86.443959
-86.625901
-86.523799
-86.398359
-86.563896
-86.468426
-86.496024
-86.296406
-76.036355
-86.333007
-86.288552
-86.226929
-85.903123
-85.971548
-85.791636
-85.570844
-85.387900
-84.776714
-84.841153
-84.095248
-83.167326
-80.765900
-83.730836
-84.489759
-84.562496
-84.732120
-84.812114
-84.998869
-84.966128
-85.121986
-85.492937
-85.505427
-85.367079
-85.642791
-85.686663
-85.671784
-85.765628
-85.845411
-85.778929
-76.385064
-84.949325
-85.621327
-85.513178
-85.501260
-85.407657
-84.817194
-84.997809
-85.256000
-84.921117
-84.603922
-84.508658
-83.965053
-83.691430
-83.791829
-82.998210
-82.674500
-81.985919
-81.875813
-81.569248
-80.986412
-64.103103
-79.885952
-79.250753
-78.762289
-78.363094
-78.165349
-77.298415
-77.717268
-77.303819
-77.338111
-77.440223
-77.398297
-74.441703
-77.659077
-78.000061
-77.850738
-77.842568
-77.907325
-77.638587
-77.714989
-77.520379
-77.694825
-77.546603
-77.431861
-53.683251
-77.018094
-77.118223
-77.019107
-77.136308
-77.345839
-76.704398
-77.268366
-77.164320
-77.282692
-76.827171
-76.820070
-73.244534
-76.570742
-77.192162
-77.435668
-77.141254
-64.271701
-78.139818
-78.345073
-78.531123
-79.042618
-79.009790
-78.200105
-79.130796
-79.331791
-79.174526
-79.326906
-79.233432
-79.315433
-79.267577
-79.117229
-79.268143
-79.165524
-79.142066
-78.940007
-78.840664
-79.022624
-78.751333
-78.518349
-78.324847
-78.237935
-78.005884
-77.863329
-77.626241
-77.514888
-76.076387
-77.417405
-77.260417
-77.599822
-77.298955
-74.443288
-74.000754
-77.561975
-76.710369
-77.875648
-77.893573
-78.098282
-78.289421
-78.171287
-78.891805
-79.208907
-79.187718
-79.215621
-79.147574
-79.864121
-79.148676
-80.022491
-80.115503
-80.157548
-80.452476
-80.664881
-80.692718
-80.688786
-80.820645
-80.768901
-80.641495
-80.875679
-80.775311
-80.695275
-80.692128
-80.575336
-80.475237
-80.375565
-79.458845
-80.069941
-80.001810
-79.826422
-79.725624
-79.558870
-79.334667
-79.306277
-79.296142
-78.912379
-79.092533
-78.745048
-78.686294
-78.568826
-78.670217
-78.695845
-78.665528
-78.831686
-78.871845
-79.080577
-78.128034
-79.446281
-79.675856
-79.693475
-80.062790
-80.511491
-80.533616
-80.797012
-81.085163
-81.106959
-81.099826
-81.280201
-78.167547
-81.649396
-81.764904
-82.348133
-82.410189
-82.771802
-82.795994
-82.899683
-83.007248
-82.985521
-83.163503
-83.059163
-83.141328
-82.958928
-83.141328
-82.941069
-82.765459
-82.799826
-82.652519
-82.791208
-82.610109
-82.649740
-82.919670
-83.041564
-83.037850
-83.597137
-84.116826
-84.438673
-85.092638
-85.248134
-85.329736
-85.526924
-85.658189
-85.548528
-85.598141
-85.545521
-85.424579
-85.259376
-84.973499
-84.881725
-84.645258
-83.758635
-84.513870
-84.158124
-84.286225
-84.136339
-84.084928
-83.888852
-83.931343
-84.076775
-84.062652
-84.263343
-84.313754
-84.569213
-84.464844
-84.635496
-84.421932
-84.428435
-84.321003
-83.973417
-84.018440
-83.981797
-84.082352
-84.076347
-80.046829
-84.490702
-84.311491
-84.578345
-84.496364
-84.711729
-84.639886
-84.860108
-84.594252
-84.732120
-82.328599
-84.593770
-84.701817
-84.523361
-84.786294
-84.528115
-84.553397
-84.482222
-84.442869
-84.400634
-84.225471
-84.094387
-83.900774
-84.062652
-83.525942
-82.809741
-83.585636
-83.520282
-83.559681
-83.287893
-83.402717
-83.310472
-80.522823
-83.155521
-83.378194
-83.378194
-83.337145
-83.506727
-83.468548
-83.831756
-83.654322
-83.578368
-83.816387
-83.955872
-84.154631
-84.111638
-84.311943
-84.277238
-84.472351
-84.479870
-84.674183
-84.650147
-84.675167
-84.593287
-84.408493
-84.696870
-84.515766
-84.624784
-84.624297
-84.733117
-84.728134
-84.612158
-84.751605
-84.595701
-83.981797
-84.601019
-84.672216
-84.376683
-84.378061
-84.479870
-84.364299
-84.600535
-84.471881
-84.642327
-84.429830
-84.677136
-84.157250
-84.519087
-84.334629
-84.179140
-84.337815
-84.183532
-84.298840
-84.412659
-84.328265
-84.573536
-84.466720
-84.648191
-84.636959
-84.866788
-84.311038
-84.675167
-84.588943
-84.582196
-84.795390
-79.240184
-80.270093
-85.024387
-84.876053
-84.858055
-84.822790
-84.939379
-84.890505
-84.776211
-80.025357
-82.571140
-81.362710
-82.187322
-82.053456
-74.215059
-82.622973
-81.962672
-79.704426
-82.302024
-82.934803
-83.238840
-85.234122
-84.762635
-85.059185
-85.224619
-85.487594
-85.502450
-86.085092
-85.980842
-85.595100
-85.455089
-85.296116
-85.266136
-78.078955
-84.750604
-84.826864
-84.538115
-84.836555
-84.972972
-85.143306
-85.344635
-85.472198
-85.737889
-85.697856
-85.828053
-85.962274
-85.318881
-85.524530
-85.590238
-84.948277
-85.272906
-85.433358
-85.835116
-85.887485
-85.996154
-85.753628
-85.733493
-85.841548
-85.862191
-85.772590
-86.243841
-85.875793
-86.008176
-85.903123
-86.249493
-81.808674
-84.876053
-84.938856
-84.381739
-83.978862
-84.934154
-84.799438
-85.046840
-84.665338
-84.655042
-84.299742
-84.181775
-83.550557
-83.110334
-82.216553
-81.732051
-80.817608
-81.258640
-80.523958
-81.969264
-81.643517
-81.563476
-81.111721
-81.277050
-81.232284
-81.504044
-79.922032
-80.721724
-80.373007
-80.670160
-81.351938
-82.211528
-71.694711
-82.344679
-82.049422
-81.939549
-80.571127
-82.005565
-79.950949
-72.014327
-76.919067
-81.074198
-79.064056
-80.209671
-83.185793
-83.299706
-82.965229
-82.661484
-82.815188
-82.809741
-82.836399
-82.651592
-82.549070
-82.558126
-82.377311
-82.139038
-81.923331
-82.238676
-82.085318
-81.826255
-81.779277
-81.662654
-81.544771
-81.128648
-77.894709
-81.054489
-80.764500
-80.450430
-80.468508
-80.178637
-80.045812
-80.071475
-77.330306
-80.026707
-79.929615
-79.940020
-80.017101
-79.908713
-79.930440
-79.962237
-79.933576
-79.842885
-79.977556
-80.006341
-79.897399
-80.250865
-80.095575
-80.109137
-80.010205
-80.235969
-80.420587
-80.627911
-80.343690
-79.258097
-80.455268
-80.720140
-71.163533
-80.815989
-80.574188
-80.803665
-80.465708
-80.740175
-80.659218
-80.541586
-80.041578
-80.352773
-80.279023
-80.100034
-80.148169
-80.027213
-79.907892
-79.843370
-79.683175
-79.626805
-79.492130
-79.659857
-79.550396
-79.630961
-79.601186
-79.717918
-79.445543
-79.612366
-79.801042
-79.793841
-79.947137
-80.015923
-80.018448
-80.097975
-79.537715
-80.301610
-80.328292
-80.547098
-80.371180
-80.489102
-80.604915
-80.583767
-80.355684
-79.904939
-80.734612
-80.410808
-80.611859
-80.592983
-80.506966
-80.619394
-80.470190
-80.723704
-80.475050
-80.552998
-80.226950
-80.344960
-79.978890
-80.109481
-79.765790
-79.866397
-79.861847
-79.565692
-79.413198
-79.062975
-79.062299
-79.146885
-74.548042
-79.680682
-79.943164
-80.671334
-81.107176
-81.644252
-82.052380
-82.551483
-82.295192
-82.158839
-80.817406
-83.170109
-83.266853
-83.401983
-83.753061
-83.911490
-83.994818
-84.327357
-84.454076
-84.614098
-84.572575
-84.562496
-84.460159
-83.943382
-83.641894
-83.194531
-82.451861
-81.824468
-81.378112
-81.249688
-81.084517
-81.206087
-80.703153
-81.370979
-81.270530
-80.927059
-80.885126
-80.518286
-80.574953
-80.581466
-80.425393
-80.728461
-80.848483
-81.010044
-81.301870
-81.212289
-81.260657
-80.947240
-80.602025
-80.476734
-79.709128
-79.394197
-78.622582
-78.483680
-78.103479
-78.272717
-78.429387
-78.329409
-78.425885
-78.338664
-78.168757
-77.884395
-77.725305
-77.602042
-74.307556
-77.306434
-77.099267
-77.143164
-77.132408
-77.087933
-72.621776
-77.217886
-77.531951
-77.756300
-77.811257
-78.199441
-78.197115
-78.516085
-78.349313
-78.806901
-78.971119
-78.954876
-79.339417
-79.082070
-79.418181
-79.364692
-79.629267
-79.635122
-79.511266
-79.736972
-79.621884
-79.806651
-79.749141
-79.814035
-79.742025
-79.410708
-79.038585
-79.442740
-79.189248
-79.194119
-78.961999
-78.796340
-78.585985
-78.356887
-78.255067
-77.631778
-77.561018
-77.307696
-76.969592
-76.699298
-76.594175
-76.329765
-75.957182
-75.698541
-75.555331
-75.397070
-75.009377
-75.375627
-75.339816
-75.248078
-75.429318
-75.404513
-75.739146
-75.886184
-76.002962
-76.175610
-76.311368
-76.475347
-72.358799
-76.854715
-77.041193
-77.049344
-77.216120
-77.268902
-77.426110
-77.722624
-77.636056
-78.015641
-77.874620
-78.097849
-78.122808
-78.319833
-78.369885
-78.226217
-77.454008
-77.851964
-77.841854
-78.398084
-78.586953
-78.282754
-78.133922
-78.364819
-78.175471
-78.177895
-77.459516
-68.984648
-77.798210
-77.527015
-77.803566
-77.587298
-76.818700
-61.120014
-78.093956
-78.360104
-78.407951
-78.740028
-78.910291
-77.873387
-79.248637
-79.394781
-79.536208
-79.347056
-80.034981
-79.855030
-80.085645
-80.321967
-80.427982
-80.708677
-80.484225
-67.700243
-80.430574
-80.600485
-80.709664
-80.580316
-80.930797
-80.577634
-81.797500
-82.342666
-82.870685
-83.168369
-83.356350
-84.021825
-74.043339
-84.772687
-85.251503
-85.564802
-85.010015
-86.409348
-86.425514
-86.736784
-86.736784
-87.066974
-87.151423
-87.240210
-87.346294
-87.532236
-87.103826
-87.677111
-87.515171
-87.607934
-87.607934
-87.814804
-86.860326
-87.211882
-87.847366
-87.147943
-87.721533
-87.781478
-87.763407
-87.740426
-86.747871
-87.695811
-87.618580
-87.215413
-83.205741
-87.667301
-87.354493
-87.607934
-87.518958
-87.384687
-86.256569
-86.077610
-87.014383
-87.392039
-87.543650
-87.698772
-87.924654
-87.846345
-86.990001
-88.166228
-88.136651
-88.197115
-88.271928
-88.403421
-88.295645
-88.301311
-88.368733
-88.212642
-88.246101
-88.157443
-88.502049
-88.304714
-88.375649
-88.412718
-80.994415
-88.402261
-83.143402
-88.452455
-88.342325
-88.607833
-88.541416
-88.171728
-88.530644
-88.571480
-88.481907
-87.574234
-88.521092
-80.090265
-87.432696
-82.123973
-88.190478
-88.236036
-88.466567
-88.599323
-88.460681
-88.145393
-88.465389
-88.402261
-88.541416
-85.125259
-88.557023
-88.267425
-87.849409
-88.611485
-88.561837
-88.494929
-88.547413
-88.650633
-86.166861
-88.486638
-88.491374
-88.478362
-88.484272
-88.573894
-88.528254
-88.585985
-88.483089
-88.446589
-88.497301
-88.529449
-88.519899
-88.607833
-88.682703
-88.644493
-88.620018
-88.454804
-88.598109
-88.397621
-88.431373
-88.310392
-88.535429
-88.567861
-88.665405
-88.416210
-88.125747
-88.126836
-88.457154
-88.268551
-88.472461
-88.413882
