-54.690652
-85.179625
-87.975901
-85.190138
-88.917995
-85.753628
-88.034154
-85.443329
-88.632238
-87.588645
-87.664362
-86.077610
-87.554139
-86.529828
-86.496024
-85.687905
-87.226023
-87.731466
-87.056745
-87.058448
-86.405682
-87.851453
-86.801326
-87.067827
-85.833189
-87.510443
-86.628986
-87.358141
-86.611277
-87.396640
-87.016069
-86.995874
-86.706047
-87.116755
-87.170608
-87.016913
-86.656850
-87.262470
-87.477488
-87.071243
-87.074661
-77.734053
-87.205710
-87.311848
-87.215413
-86.892179
-87.374599
-87.256226
-87.240210
-86.812579
-87.048240
-86.688804
-86.726514
-86.531336
-86.887263
-86.720994
-86.699769
-86.804538
-86.804538
-86.874182
-86.632845
-86.937500
-86.739949
-86.777309
-85.409987
-86.890540
-86.718631
-87.058448
-86.908604
-87.082362
-87.224253
-87.748406
-87.175856
-85.729728
-87.155776
-86.943302
-86.656074
-86.710762
-87.376431
-86.974100
-87.171482
-86.916016
-83.360346
-87.043144
-87.006801
-86.688804
-86.843271
-86.921790
-87.004277
-86.958258
-87.043993
-86.939157
-87.121938
-86.916841
-86.820635
-87.019445
-85.520344
-86.853009
-86.896279
-87.193392
-86.926745
-86.958258
-86.739949
-86.593640
-86.442480
-85.541915
-85.293846
-82.533718
-81.270081
-80.459553
-79.340425
-80.216010
-80.269379
-81.460173
-81.538315
-81.992812
-81.795725
-82.395610
-83.826896
-84.637935
-84.710241
-85.538913
-85.078578
-84.393250
-83.727275
-83.424427
-82.234186
-81.610109
-77.096774
-84.175192
-85.231324
-85.355555
-85.386161
-85.328021
-85.446854
-85.416402
-85.240842
-84.754610
-84.666811
-84.417293
-84.266924
-84.472820
-84.369340
-84.499671
-84.489759
-84.532398
-84.591356
-84.792356
-84.866273
-85.018526
-85.262191
-85.257125
-85.386741
-85.492937
-85.739146
-85.546724
-85.519747
-85.582955
-85.487001
-78.865255
-82.843493
-85.446854
-85.682318
-85.650175
-85.315459
-85.047912
-85.137829
-84.998339
-84.993571
-84.595218
-84.523361
-84.078919
-83.554736
-83.462590
-81.709872
-82.354760
-82.088300
-81.796739
-81.277950
-80.552807
-73.044301
-79.723421
-79.395656
-78.811745
-78.399592
-78.209532
-77.095743
-77.469335
-77.396087
-77.648527
-77.459516
-77.540318
-73.891850
-77.538130
-77.471302
-77.530622
-77.493652
-77.469429
-77.426110
-77.538891
-77.623427
-77.523127
-77.557482
-77.385146
-70.507399
-76.949444
-76.937003
-77.020795
-76.821522
-76.922120
-76.962921
-76.696947
-76.871407
-76.812981
-76.918242
-76.398213
-76.571655
-76.654987
-77.134228
-77.445527
-76.787620
-60.699593
-78.212419
-78.534471
-78.766325
-79.052852
-79.269702
-78.228112
-79.515013
-79.729088
-79.649946
-79.624651
-79.531238
-79.600115
-79.428164
-79.466401
-79.519814
-79.320736
-79.136015
-78.934231
-78.804481
-78.605400
-78.550534
-78.480016
-78.215754
-78.086934
-77.818353
-77.793769
-77.678093
-77.605229
-77.078253
-77.523221
-77.463161
-77.305261
-77.466341
-77.450931
-76.923523
-77.816020
-77.511672
-77.881100
-78.034154
-78.232463
-78.581265
-78.759894
-79.074883
-79.200391
-79.465067
-79.689415
-79.655209
-80.116020
-79.915779
-80.379589
-80.494547
-80.588756
-80.725685
-80.906145
-81.023393
-80.889239
-81.111288
-80.892738
-80.902015
-81.182027
-80.936825
-81.027640
-80.760503
-80.879373
-80.722714
-80.638192
-79.923515
-80.445968
-80.403258
-80.052086
-79.964731
-79.756110
-79.524921
-79.349221
-79.159716
-79.000856
-78.967416
-79.092806
-78.937512
-79.135053
-79.150744
-79.155573
-79.132993
-79.196070
-79.185910
-79.329635
-78.620751
-79.636047
-79.890364
-79.640366
-80.351137
-80.571127
-80.868916
-80.898715
-81.330475
-81.356290
-81.238301
-81.508550
-81.022120
-81.825234
-81.909516
-82.281561
-82.180946
-82.348997
-82.565687
-82.531916
-82.787703
-82.714726
-83.271836
-83.005908
-83.338230
-83.440688
-83.417424
-83.524055
-83.320546
-83.277895
-83.100736
-83.295406
-83.273261
-83.248394
-83.765812
-83.683200
-84.163369
-84.516715
-84.846780
-85.186262
-85.578713
-85.738518
-85.951039
-86.148864
-85.046840
-86.047813
-86.067429
-85.985497
-85.939175
-85.741033
-85.617046
-85.333742
-85.050593
-84.451739
-84.845756
-83.065272
-84.283527
-84.190567
-83.749879
-83.768606
-83.563869
-83.571113
-83.491340
-83.446988
-83.614059
-83.596753
-83.698104
-83.647327
-83.683983
-83.860210
-84.003661
-84.073347
-83.991454
-84.127222
-84.066499
-84.319643
-76.661434
-84.380359
-84.288025
-84.405718
-84.534779
-84.318737
-84.253509
-84.187488
-83.994818
-84.110774
-81.869362
-84.080635
-83.964636
-84.114231
-83.991875
-84.104298
-84.010411
-83.960043
-83.894603
-83.848399
-83.720161
-83.454039
-83.835404
-83.393550
-83.037513
-82.966557
-83.460729
-83.590999
-83.284320
-83.403451
-83.294332
-83.322707
-83.455153
-83.483106
-83.388425
-83.365438
-83.518020
-83.527075
-83.709512
-83.624090
-83.586019
-83.474888
-83.777400
-83.837837
-83.869600
-84.033269
-83.811948
-84.193648
-84.189247
-84.294330
-84.506764
-84.271405
-84.455012
-84.021401
-84.304709
-84.177385
-83.964636
-84.183971
-84.118557
-84.298840
-83.888442
-84.082781
-83.964636
-84.020132
-80.172875
-83.900774
-83.846773
-83.841084
-83.697711
-83.617143
-83.698890
-83.679677
-83.474888
-83.478995
-83.442540
-83.407858
-83.118577
-83.420740
-83.491715
-83.317665
-83.236013
-83.406756
-83.489842
-83.599056
-83.580662
-83.655489
-83.819618
-83.435508
-83.895426
-84.081922
-83.738364
-84.058808
-84.068210
-84.173438
-84.104729
-79.745344
-84.459691
-84.500616
-84.473290
-84.408493
-84.453141
-84.502980
-84.853439
-84.797413
-83.604436
-82.776566
-83.150323
-83.658603
-81.534494
-83.287893
-83.525942
-83.459242
-82.489175
-83.026055
-83.206092
-82.921969
-84.722161
-84.131562
-84.143299
-84.261553
-84.302902
-84.068638
-84.838598
-85.003112
-84.684525
-84.744600
-84.548137
-84.702807
-68.507860
-84.328265
-84.343737
-84.253509
-84.390485
-84.180457
-84.788819
-85.187923
-85.305208
-85.661275
-85.596316
-85.787184
-85.782737
-85.400674
-85.374009
-85.194572
-84.995160
-85.360161
-85.130720
-85.729728
-85.715325
-85.597533
-85.487594
-85.707830
-85.418737
-85.665599
-85.334315
-85.634806
-85.418153
-85.207900
-85.511388
-85.836402
-83.384037
-84.683539
-84.447535
-83.854504
-83.838649
-84.560579
-84.187048
-84.550049
-84.122888
-83.581809
-83.684766
-83.447729
-82.949990
-82.462489
-82.111413
-81.509262
-81.134087
-80.392600
-80.307005
-82.169326
-81.662408
-82.017555
-82.109505
-82.186490
-82.054532
-82.626041
-81.571896
-81.263572
-81.544054
-81.069692
-81.732301
-81.955828
-71.448221
-81.936667
-81.154599
-81.391489
-80.800841
-81.513774
-80.668399
-81.160728
-81.566121
-81.746817
-81.785090
-81.521384
-83.232482
-83.403451
-83.104504
-83.164546
-82.934474
-83.097998
-82.775931
-82.828352
-82.663650
-82.448618
-82.418374
-81.937191
-81.943482
-81.888486
-81.787366
-81.570692
-81.411632
-81.435135
-81.114755
-81.064332
-79.043156
-80.727866
-80.211255
-80.434093
-80.192811
-80.258510
-80.273841
-80.109653
-77.965813
-80.124294
-80.192461
-80.148516
-80.144008
-80.360965
-80.417817
-80.613597
-80.549571
-80.991254
-81.035081
-80.927059
-80.875269
-80.902015
-81.101986
-81.171475
-81.067333
-81.108257
-81.178727
-81.234734
-81.193709
-79.836260
-80.616301
-81.249241
-72.269980
-81.012583
-81.036997
-80.735804
-80.646551
-80.614949
-80.551284
-80.358597
-79.997954
-79.938532
-79.894944
-79.846444
-79.616048
-79.460178
-79.227253
-79.076644
-79.314002
-78.970325
-78.589982
-78.766452
-78.762541
-78.271815
-78.632973
-78.767966
-78.560633
-78.729378
-78.649650
-78.748315
-78.822726
-78.852620
-78.844131
-78.884666
-78.332606
-78.995664
-79.177161
-79.399013
-79.327337
-79.486168
-79.686450
-79.643300
-79.546316
-79.183825
-79.855841
-79.830935
-79.795600
-79.772786
-79.748033
-80.017270
-80.159983
-80.235438
-80.208263
-80.335531
-80.319259
-80.406387
-80.587221
-80.506024
-80.325761
-80.671921
-80.479355
-80.469442
-80.313308
-80.236323
-80.398477
-80.362969
-71.270980
-80.184756
-80.269379
-80.354228
-80.440397
-80.637804
-80.748733
-80.989991
-80.690358
-81.179827
-79.390990
-81.930910
-82.072869
-82.482340
-82.852862
-82.961912
-83.350906
-83.473022
-83.808320
-83.877782
-84.090085
-84.051130
-83.999027
-82.407853
-83.305804
-82.851568
-82.496319
-81.824979
-81.126909
-80.668791
-80.419479
-80.143314
-79.585917
-80.085303
-80.119121
-80.149384
-80.158591
-80.208087
-80.218831
-80.036334
-79.882523
-79.840783
-79.708657
-79.641755
-79.589576
-79.421849
-79.326332
-79.182158
-78.513941
-78.966623
-78.756870
-78.757374
-78.318125
-76.662522
-77.846242
-78.177234
-78.047075
-77.716178
-77.653995
-77.140559
-76.933857
-76.528320
-76.311583
-76.020297
-73.716688
-75.580955
-75.383786
-75.420722
-75.359988
-75.193352
-72.092071
-75.148899
-75.247516
-75.365118
-75.483799
-75.788773
-75.600333
-75.834602
-76.066006
-76.066819
-76.597315
-76.610893
-76.799319
-76.920222
-77.248388
-77.093596
-77.192162
-77.397192
-77.355952
-77.406964
-77.517538
-77.409826
-77.479834
-77.317720
-77.370936
-77.190582
-77.107528
-77.022231
-76.771645
-76.637249
-76.428166
-76.264365
-76.005635
-75.728724
-75.504653
-74.429783
-75.162473
-74.711878
-74.414883
-74.430713
-74.010115
-74.017678
-73.650706
-73.627568
-73.575197
-73.301140
-73.044639
-73.193656
-73.402313
-73.343368
-73.586249
-73.827665
-74.048021
-74.345150
-74.466579
-74.949325
-75.098112
-75.389176
-72.493936
-75.983834
-76.371882
-76.594558
-76.656850
-77.149335
-77.151771
-77.408902
-77.389372
-77.802251
-77.715881
-77.923510
-78.101963
-78.002283
-78.381189
-78.186169
-77.789231
-78.136869
-77.460357
-78.278804
-78.160406
-77.910744
-77.770928
-77.379915
-76.963171
-76.159584
-75.921112
-71.630709
-75.636464
-75.404746
-75.022149
-75.366791
-74.916070
-72.915370
-75.004438
-75.038433
-75.016610
-75.004279
-74.905681
-73.631048
-75.275108
-75.555151
-75.810445
-75.722082
-75.447736
-75.605267
-75.291918
-75.433358
-75.352909
-75.241122
-75.294584
-68.655994
-74.915082
-74.937811
-74.848674
-75.016982
-74.863344
-74.171247
-75.744304
-76.117478
-76.874019
-77.164844
-77.687140
-78.364244
-73.779281
-79.603940
-79.914628
-80.711244
-81.029552
-81.840320
-82.378470
-82.766093
-83.331725
-83.506351
-83.909015
-84.251277
-84.314659
-84.527164
-84.735611
-84.995689
-85.260502
-85.172447
-85.432187
-85.354404
-82.618374
-85.462750
-85.695366
-85.176863
-86.050513
-85.882934
-86.117203
-86.257277
-85.153181
-86.010851
-85.933255
-85.719704
-85.246450
-85.764995
-85.526924
-85.418737
-85.390800
-85.191800
-85.094805
-84.825845
-84.657001
-84.622839
-84.262895
-84.766653
-84.978245
-84.924242
-82.704088
-85.759308
-86.216392
-85.956323
-85.085061
-83.825682
-82.108143
-83.444022
-84.507711
-85.185155
-85.820361
-86.310723
-86.824668
-86.585994
-85.870606
-85.344635
-80.033460
-83.276112
-77.987806
-82.775296
-82.052918
-80.833831
-80.563484
-80.078298
-80.154246
-80.232606
-81.848268
-82.868088
-84.848828
-79.337689
-84.367048
-74.697315
-86.915192
-88.139927
-88.142113
-87.961197
-88.131195
-87.469055
-87.970644
-87.701734
-87.960149
-79.645926
-87.608901
-86.695850
-87.659469
-87.700746
-88.009699
-87.825969
-88.032022
-88.144299
-87.951771
-87.726497
-87.986435
-88.145393
-87.975901
-88.095361
-88.026697
-87.938191
-87.834108
-88.015004
-87.512334
-87.804678
-87.970644
-88.084561
-87.853498
-88.039489
-88.056604
-87.894606
-87.775446
-87.995937
-87.412320
-87.360880
-88.021378
-87.965393
-88.025632
-87.807713
-86.516275
-86.351786
-86.906959
-86.990001
-87.879145
-87.861689
