-50.500817
-85.284212
-87.951771
-85.342913
-88.780357
-85.712825
-87.972746
-85.275730
-88.713764
-87.726497
-87.641898
-85.797365
-87.442920
-86.371373
-86.469170
-85.639104
-87.328130
-87.644821
-87.125396
-86.760577
-86.367013
-87.856568
-86.704477
-86.919315
-85.726593
-87.695811
-86.553268
-87.394799
-86.629757
-87.203068
-86.981625
-86.911074
-86.805341
-87.051640
-87.043993
-87.012697
-86.508013
-87.200427
-87.495347
-87.196908
-87.070389
-79.982396
-87.251771
-87.222483
-87.207473
-86.876632
-87.289334
-87.163622
-87.305532
-86.906959
-87.060152
-86.655297
-87.039751
-86.898742
-87.093510
-87.019445
-87.096087
-87.151423
-87.065267
-87.113304
-86.828706
-87.159261
-87.009327
-87.172357
-85.167485
-87.169734
-86.727303
-86.929224
-86.756602
-86.813384
-87.219831
-86.865212
-86.926745
-86.886444
-87.092652
-87.032125
-86.982462
-86.851384
-87.274090
-87.218947
-87.227794
-86.922615
-84.645747
-87.032971
-86.973265
-86.612814
-86.945791
-86.929224
-86.974936
-86.791703
-86.888901
-86.957425
-86.959923
-86.778906
-86.615120
-86.974936
-86.626672
-86.573026
-86.387399
-86.488548
-86.343831
-86.272176
-86.000158
-85.509003
-85.514968
-85.250380
-85.093180
-85.042554
-84.799438
-85.158127
-85.453912
-83.999448
-84.094817
-84.881209
-84.663375
-84.828393
-84.051130
-84.488816
-82.843816
-82.104602
-82.152228
-82.764191
-82.554502
-81.819622
-81.540944
-82.292065
-83.274330
-84.046445
-74.996802
-83.828516
-83.617914
-83.471530
-83.263297
-83.332086
-83.246977
-83.279322
-83.287893
-83.549797
-84.150705
-84.789324
-85.013205
-85.318881
-85.291011
-85.093180
-84.828393
-85.071026
-85.106744
-85.325162
-85.248134
-85.266699
-85.356706
-85.411736
-85.280252
-85.323448
-85.222386
-85.327449
-85.422826
-85.652023
-85.892691
-76.106245
-84.724649
-85.849922
-85.553343
-85.686663
-85.724713
-85.950379
-85.458623
-85.815240
-85.864779
-86.148173
-85.859606
-85.835759
-84.327357
-85.432773
-84.158561
-85.345783
-85.798003
-85.739146
-85.505427
-85.171344
-84.939379
-85.087225
-85.010546
-85.054350
-84.907601
-84.893091
-84.688472
-83.552076
-84.562496
-84.970338
-85.038808
-85.353829
-70.930984
-85.545521
-85.610329
-85.687905
-85.631126
-85.679217
-85.798640
-85.960290
-85.611549
-85.626223
-85.460392
-85.049521
-85.019591
-85.429259
-85.293279
-85.653872
-85.707206
-85.757414
-85.935228
-85.902470
-85.263318
-57.778739
-64.740937
-61.002284
-56.698418
-65.545906
-59.642384
-66.219620
-55.128653
-60.752596
-56.935017
-62.493040
-62.244593
-58.636866
-63.629319
-63.213869
-86.257985
-86.703692
-86.576074
-86.470657
-86.399091
-86.582176
-86.585994
-86.404216
-86.639801
-86.656850
-86.516275
-86.299981
-86.273597
-86.034336
-86.165474
-86.017548
-86.006170
-85.931284
-86.021571
-86.229743
-86.100093
-86.171720
-83.011271
-86.166168
-86.072177
-86.325087
-86.078969
-85.601185
-78.158321
-86.444698
-85.840261
-86.496773
-86.472146
-86.684894
-86.536620
-86.612814
-85.500665
-86.790102
-86.797314
-86.625901
-86.424042
-86.956593
-86.585230
-87.021978
-86.884807
-86.969925
-87.035512
-87.130589
-87.176731
-87.078938
-86.974936
-76.939240
-86.591344
-86.913544
-86.993356
-86.916016
-86.611277
-86.740740
-86.517778
-86.486308
-81.529722
-86.334449
-86.202382
-86.481085
-85.949720
-86.395434
-85.807571
-85.955001
-85.920129
-83.240607
-86.449137
-86.372828
-86.413751
-86.159930
-86.398359
-86.677086
-86.651418
-86.607437
-86.712334
-86.693500
-83.919338
-86.805341
-86.843271
-86.757397
-86.677086
-86.993356
-87.002595
-86.965755
-86.666956
-86.790102
-87.123667
-86.968257
-84.221038
-86.990839
-86.695850
-86.731251
-86.540398
-86.747078
-86.840030
-86.698201
-86.595936
-86.695850
-87.059300
-86.930051
-87.144467
-87.011854
-87.069535
-87.060152
-86.857073
-86.798918
-86.079649
-86.949943
-86.845704
-86.944961
-87.088361
-87.010169
-86.841650
-87.119346
-87.268723
-87.281257
-87.185492
-87.288435
-87.266042
-87.408625
-87.442920
-87.332664
-87.369106
-87.261577
-87.165367
-87.084932
-87.106409
-87.134921
-86.740740
-84.326449
-87.141861
-85.356706
-87.143598
-87.049089
-87.062709
-86.956593
-87.108993
-87.031278
-86.935843
-86.893819
-86.955761
-87.055043
-86.974936
-87.011854
-86.570742
-87.137522
-87.053341
-87.210118
-87.184615
-87.301927
-87.438270
-87.398481
-77.712909
-87.431768
-87.490640
-87.263363
-87.371852
-87.395719
-87.345384
-87.435482
-86.900384
-87.481242
-83.490591
-87.452236
-87.459703
-87.464376
-87.360880
-87.525592
-87.304630
-87.352669
-87.713602
-87.668281
-87.660447
-87.540794
-87.508553
-87.570399
-86.688804
-87.061004
-87.551276
-87.491581
-87.279464
-87.477488
-87.465312
-87.488759
-87.738433
-87.524644
-87.327224
-87.467183
-87.393878
-87.355404
-87.479365
-87.431768
-86.922615
-87.471864
-87.446644
-87.421570
-87.474675
-87.493464
-87.081506
-87.625368
-87.620518
-87.785504
-87.807713
-87.823937
-87.954911
-87.502889
-87.518958
-87.625368
-87.185492
-87.529387
-87.484999
-87.426202
-86.415954
-87.445713
-87.421570
-87.625368
-83.674594
-87.743417
-87.725504
-87.685959
-87.524644
-87.550322
-87.644821
-87.915306
-87.416017
-87.787518
-87.695811
-87.733456
-87.739430
-87.722525
-87.474675
-87.864764
-87.522748
-87.507609
-87.532236
-87.692853
-87.677111
-87.741423
-87.762406
-86.978279
-87.181985
-87.716575
-86.375010
-87.856568
-87.083219
-87.382851
-87.425276
-79.407196
-86.689586
-87.726497
-87.752401
-87.591533
-87.523695
-87.793567
-87.653604
-87.783490
-85.697234
-85.211239
-85.996154
-83.793033
-85.345783
-85.596316
-85.488781
-84.647702
-84.737607
-86.348168
-85.128535
-84.423325
-87.737437
-87.104687
-86.055243
-85.241402
-86.663844
-83.280036
-87.913232
-87.398481
-86.941643
-87.234884
-86.727303
-87.244653
-69.018984
-86.347445
-86.920140
-86.798116
-87.591533
-87.208354
-86.950773
-87.693839
-87.487819
-88.015004
-87.917382
-88.035221
-88.280948
-87.732461
-87.785504
-86.770927
-85.299523
-86.354682
-86.157161
-88.025632
-87.803667
-87.657513
-87.354493
-87.599243
-87.570399
-86.171720
-86.222008
-87.266042
-86.761372
-86.930051
-87.639950
-87.943409
-82.881089
-83.171152
-82.376441
-83.939643
-84.225028
-87.773437
-86.310006
-88.041625
-87.481242
-86.052540
-87.802656
-87.628280
-86.525305
-87.482181
-85.826129
-84.851901
-83.561965
-86.865212
-84.012945
-87.387442
-86.856260
-87.109855
-87.197787
-87.108993
-87.481242
-87.899772
-83.556257
-84.146782
-83.960043
-85.065639
-85.909656
-86.801326
-73.400552
-83.272549
-80.939531
-78.411672
-80.746343
-77.704204
-82.816470
-84.820246
-85.349229
-84.645258
-82.480558
-80.737194
-87.986435
-88.091038
-87.853498
-88.112698
-87.579032
-87.712612
-87.157518
-87.718557
-87.835126
-87.724511
-87.842262
-87.824953
-86.860326
-87.842262
-87.554139
-87.629252
-87.389280
-87.791550
-87.557959
-87.725504
-79.140828
-87.541746
-87.573275
-86.926745
-87.259793
-87.495347
-87.517064
-87.497231
-80.559859
-87.577113
-87.597315
-87.561783
-87.544602
-87.589607
-87.669261
-87.542698
-87.411396
-87.594423
-87.565611
-87.766414
-87.701734
-87.636056
-87.399403
-87.774441
-86.385940
-87.874003
-87.654581
-87.808725
-87.531286
-83.645774
-87.816832
-87.781478
-74.498490
-87.835126
-87.627309
-87.835126
-87.370936
-87.450371
-87.765411
-87.644821
-86.035682
-87.412320
-87.237546
-87.355404
-87.363620
-87.447576
-87.269617
-87.281257
-86.920965
-87.077227
-86.989162
-87.038903
-86.835982
-86.790102
-86.939157
-86.773320
-86.015538
-86.592874
-86.916016
-86.823861
-86.758986
-86.872550
-86.786100
-86.853821
-82.071248
-86.888901
-86.586758
-86.755808
-86.709190
-86.881535
-86.950773
-87.010169
-86.265075
-86.207981
-86.637481
-86.783701
-86.936672
-86.864397
-86.353234
-86.917665
-86.980788
-87.072952
-87.097805
-87.084932
-87.009327
-87.132321
-86.921790
-87.100385
-86.308572
-86.831130
-86.886444
-86.715481
-86.879900
-86.719418
-86.833555
-86.686458
-73.118543
-86.648317
-86.739949
-86.689586
-86.466196
-86.711548
-86.845704
-86.652969
-86.059978
-68.614068
-82.625427
-87.059300
-87.039751
-87.038055
-86.918490
-86.888901
-86.876632
-86.796512
-86.827090
-86.903670
-86.995874
-87.016069
-86.959923
-83.923888
-86.197490
-86.890540
-86.808557
-86.812579
-86.653745
-86.692717
-86.690369
-86.802932
-84.526213
-86.973265
-86.959923
-86.919315
-86.803735
-86.867656
-86.766943
-86.858699
-86.372828
-86.617428
-85.937859
-85.936543
-86.071499
-84.729628
-85.421657
-86.366287
-86.627443
-86.214989
-85.507215
-86.162701
-86.333728
-86.492285
-85.191246
-86.070820
-84.205555
-87.400324
-87.345384
-87.252661
-86.950773
-87.288435
-86.953267
-87.084075
-75.846248
-86.911897
-86.918490
-86.728092
-86.524552
-86.573026
-72.658792
-86.493032
-86.132317
-86.602066
-86.522293
-86.594405
-86.585230
-86.652194
-84.349667
-86.579124
-86.748664
-86.599000
-86.732041
-85.960951
-86.754219
-86.386669
-86.875815
-86.939985
-86.829514
-87.050789
-87.095228
-86.974100
-82.199826
-86.964921
-86.971595
-86.533600
-86.852197
-86.997553
-86.666956
-86.666178
-86.677866
-86.744700
-86.719418
-86.462482
-86.414485
-81.944794
-86.340220
-86.179365
-85.510195
-86.157853
-86.127502
-86.156469
-85.465110
-85.040413
-85.947741
-85.709703
-85.746066
-85.822923
-86.085772
-85.637262
-86.126815
-86.302127
-86.261528
-86.208681
-86.068785
-85.918818
-86.023584
-85.988825
-74.914926
-86.573788
-86.576074
-86.769333
-86.514771
-86.472890
-87.180233
-87.196908
-87.045691
-87.196908
-87.223368
-87.345384
-87.231338
-87.384687
-87.387442
-87.423422
-80.286539
-63.358159
-59.571297
-60.708963
-58.799508
-64.995531
-61.689631
-64.804945
-59.671395
-58.957182
-58.616636
-62.552132
-59.006888
-59.453988
-59.845106
-86.550237
-85.641562
-86.608972
-86.833555
-86.463225
-86.530582
-86.243841
-86.573026
-85.162528
-86.180757
-86.776511
-86.916841
-87.058448
-86.701338
-86.740740
-86.645993
-86.688804
-86.703692
-86.322929
-86.250200
-85.968897
-85.833189
-85.670546
-85.343487
-85.425749
-85.535913
-85.443917
-85.569031
-85.478705
-85.984167
-86.065396
-85.803103
-86.211483
-77.015142
-86.115832
-86.417424
-86.506513
-86.635935
-86.857073
-87.106409
-87.084932
-87.297425
-87.359054
-87.412320
-87.585759
-87.622457
-87.761404
-87.542698
-87.630223
-87.590570
-87.240210
-87.196908
-87.067827
-85.623774
-87.016913
-86.794908
-86.066073
-86.645218
-86.494528
-86.671629
-86.260820
-85.745437
-86.463225
-86.373555
-86.469170
-84.624297
-86.382293
-86.098727
-85.962936
-85.697856
-85.383265
-85.419905
-85.257125
-85.596925
-85.754890
-85.775125
-86.359030
-86.248786
-86.227632
-84.245926
-86.622048
-86.399823
-86.009513
-86.336612
-86.784500
-86.330125
-86.615890
-85.691634
-85.691013
-85.914889
-84.925285
-86.043765
-85.664363
-86.238902
-87.084075
-82.091827
-87.607934
-79.266302
-87.895638
-87.903909
-87.301026
-87.802656
-87.837164
-88.319491
-88.294512
-88.308120
-87.889446
-88.190478
-87.063562
-86.652194
-78.416909
-87.756400
-88.282076
-88.157443
-88.238270
-87.882233
-87.575193
-88.447761
-88.162932
-88.322909
-79.889710
-87.928815
-87.944454
-87.793567
-88.269676
-88.343470
-88.504425
-88.330893
-88.344615
-86.943302
-87.703710
-88.229339
-88.224880
-88.448934
-88.610267
-88.302445
-88.234919
-88.238270
-88.423202
-88.078093
-88.433710
-88.344615
-88.091038
-88.170627
-88.390670
-88.291117
-88.171728
-88.203763
-88.326329
-88.136651
-87.945498
-88.175031
-88.279819
-88.044830
-88.168427
-87.568483
-87.451304
-87.817846
-87.785504
-88.239388
-88.071635
