-47.991453
-84.729628
-86.806145
-84.336449
-87.596350
-84.935198
-86.919315
-84.837577
-87.644821
-86.785300
-86.798918
-85.275730
-86.776511
-85.862838
-85.916198
-85.200120
-86.590580
-86.798116
-86.644444
-86.196791
-85.589023
-87.048240
-85.868663
-86.330846
-85.241963
-86.786100
-85.818440
-86.605134
-85.844767
-86.523799
-86.417424
-86.295691
-84.116826
-86.252322
-86.307139
-86.289979
-85.883584
-86.421835
-86.680989
-86.440264
-86.240312
-79.483041
-86.417424
-86.514020
-86.437310
-86.163394
-86.418893
-86.424042
-86.480339
-86.133005
-86.303558
-85.991489
-86.255861
-86.415220
-86.415954
-86.338777
-86.359755
-86.289265
-86.298550
-86.372828
-86.128190
-86.379379
-86.258694
-86.320772
-82.242046
-86.362657
-86.315745
-86.427724
-86.262947
-86.331566
-86.579124
-86.302127
-86.413017
-86.287125
-86.446917
-86.345999
-86.223414
-86.136447
-86.413017
-86.519283
-86.554027
-86.354682
-84.335539
-86.335891
-86.389589
-86.124067
-86.385210
-86.321491
-86.381564
-86.327965
-86.335170
-86.341664
-86.353234
-84.633059
-86.194696
-86.236786
-85.380949
-85.905735
-86.141272
-86.309289
-86.196093
-86.360480
-86.100776
-86.268624
-86.256569
-86.235377
-86.210783
-86.064718
-86.035009
-86.127502
-86.100093
-85.980178
-86.019559
-86.041069
-85.928656
-86.022913
-85.950379
-85.853793
-85.907695
-85.919473
-86.002161
-85.756783
-85.699725
-85.683559
-85.694122
-85.686042
-85.578713
-85.469834
-83.382210
-85.374586
-85.292145
-85.256563
-84.985637
-84.850364
-84.818720
-84.676643
-84.583159
-84.405255
-84.164243
-84.154631
-83.985154
-84.137643
-84.105161
-84.335539
-84.446135
-84.290276
-83.931758
-82.645422
-75.743486
-78.994200
-83.000217
-84.001133
-84.560579
-84.842176
-84.752606
-84.996749
-85.028121
-85.119805
-85.039343
-78.768219
-84.053688
-85.074800
-85.194017
-84.968232
-84.928934
-84.970338
-85.003112
-84.938856
-84.738605
-84.611188
-84.456883
-84.202906
-83.970906
-83.691430
-82.151953
-83.152055
-82.966557
-82.635874
-82.338355
-82.058301
-81.524241
-81.287412
-80.970659
-80.543106
-79.883829
-79.496608
-79.218001
-78.774790
-78.587074
-78.636891
-78.582959
-78.549333
-75.758740
-78.632483
-78.497420
-78.589740
-78.490900
-78.560874
-78.773020
-78.617579
-78.636768
-79.017940
-78.875596
-79.202623
-79.000323
-78.999524
-78.671698
-78.611363
-78.559670
-78.257423
-78.434645
-78.393449
-78.661338
-78.484035
-78.322681
-76.272744
-78.338549
-78.331578
-78.411788
-78.856484
-79.263896
-79.627267
-79.895271
-80.012391
-78.993403
-80.513943
-80.600292
-80.682111
-80.668399
-80.608965
-80.595097
-80.630043
-80.590869
-80.540637
-80.720338
-80.753916
-80.767300
-80.646940
-80.586069
-80.733818
-80.527743
-80.524715
-80.395354
-80.305566
-80.155114
-80.056501
-79.930605
-79.732398
-79.560233
-79.608840
-79.093214
-79.328342
-79.174249
-79.123528
-78.995398
-79.113810
-71.482572
-78.976017
-79.035093
-79.271403
-79.179243
-79.549640
-79.997954
-80.055651
-79.986573
-80.324496
-80.573231
-80.589140
-80.772906
-80.948283
-80.973805
-81.256848
-81.264469
-81.504992
-81.620567
-81.834433
-81.967417
-81.980625
-81.940073
-81.645476
-82.334335
-82.157461
-82.113049
-82.479371
-82.223542
-82.245138
-82.150577
-82.218509
-81.858288
-82.068548
-82.065040
-81.823448
-81.806894
-81.613268
-81.492207
-81.330475
-81.351481
-80.743159
-80.992097
-80.628880
-80.530205
-80.650055
-80.458248
-80.421142
-80.581083
-80.484038
-80.558905
-80.624425
-80.744154
-81.076991
-81.187534
-81.565640
-81.962672
-82.095900
-82.394737
-82.439199
-82.517522
-82.521715
-82.527413
-82.830604
-72.098400
-83.173589
-83.324149
-83.680460
-83.681242
-83.816790
-83.907778
-84.008723
-83.943798
-84.231686
-84.094817
-84.295683
-84.304257
-84.192327
-84.235242
-84.315112
-83.978024
-83.878601
-83.825278
-83.765413
-83.682808
-83.913967
-84.001976
-84.349210
-84.284876
-84.574497
-84.640862
-84.884306
-85.064025
-85.109462
-85.120350
-85.236920
-82.415741
-85.308622
-85.471607
-85.445679
-85.423410
-85.506619
-85.517954
-85.595708
-85.308622
-83.696140
-85.489374
-85.371698
-85.304070
-85.126351
-85.170793
-84.995689
-84.954044
-84.818211
-84.660432
-84.609249
-84.508658
-84.562016
-84.706770
-84.642815
-84.743600
-84.712722
-84.862162
-84.874507
-84.953520
-85.025454
-85.066178
-85.069409
-75.671907
-85.092096
-85.147143
-85.298387
-85.359585
-85.342340
-85.529319
-85.460981
-85.481074
-85.463340
-84.673691
-85.463340
-85.377477
-85.468062
-85.446266
-85.437461
-85.409987
-85.416985
-85.494125
-85.457445
-85.306915
-85.349804
-85.211796
-85.074261
-85.129627
-84.692422
-84.881209
-84.910716
-84.857029
-84.806532
-84.809576
-84.848316
-84.296585
-84.820754
-84.830942
-84.916434
-84.988280
-85.094263
-85.152632
-85.151534
-85.371698
-85.410570
-85.385003
-85.538913
-85.611549
-85.485815
-84.569693
-85.656338
-85.785278
-85.813322
-85.818440
-85.717827
-85.784007
-85.596925
-85.710327
-85.679837
-85.587202
-85.636648
-85.546122
-85.612770
-85.494125
-85.525727
-85.629287
-85.572659
-78.979064
-85.658189
-85.644636
-85.703464
-85.661892
-85.799914
-85.564802
-85.636648
-85.529918
-85.504236
-85.598141
-85.485815
-85.349229
-85.213466
-85.353829
-85.260502
-85.256000
-85.445679
-85.383265
-85.489374
-85.588416
-85.655105
-85.754259
-85.101856
-86.024256
-85.841548
-86.048488
-85.951699
-85.797365
-86.010182
-85.992155
-86.139204
-85.433944
-86.153010
-86.007507
-86.085092
-86.126815
-86.092586
-86.251615
-86.288552
-85.556356
-85.649560
-85.621327
-85.806932
-85.685421
-85.664981
-85.483444
-85.607279
-85.359585
-85.148240
-85.236360
-85.636648
-86.273597
-85.898556
-85.965584
-85.684800
-85.635420
-85.652023
-86.141272
-83.399048
-86.070142
-86.014199
-86.030973
-86.150246
-70.806733
-85.979514
-85.953020
-86.017548
-86.146101
-85.592668
-86.173803
-86.336612
-86.399823
-86.719418
-86.750250
-86.677866
-86.983299
-86.123380
-86.154394
-86.085092
-85.618269
-86.511016
-86.521540
-86.853009
-86.759781
-86.883171
-86.681769
-86.698985
-86.532845
-86.165474
-86.560097
-86.623589
-86.553268
-86.456546
-86.725725
-86.911074
-82.430094
-85.866073
-85.953680
-85.278555
-85.596925
-86.449878
-86.315745
-86.598234
-86.091904
-85.880985
-86.287125
-86.256569
-86.009513
-85.873199
-85.400674
-85.124713
-84.662884
-85.104570
-84.629163
-84.750604
-84.881725
-85.387900
-85.042554
-85.412902
-85.094263
-85.521540
-85.459802
-85.126351
-85.450381
-85.143854
-85.425164
-85.087766
-68.153408
-85.227970
-85.505427
-85.081818
-85.114902
-85.428089
-85.105114
-85.343487
-85.118715
-85.010546
-84.906563
-85.262755
-85.520942
-85.622550
-85.759308
-85.487001
-85.561180
-85.585988
-85.152083
-85.442742
-85.249257
-85.352679
-85.059722
-84.926848
-84.754610
-84.641839
-84.608764
-84.450804
-84.546704
-84.173438
-84.087935
-83.952954
-82.873284
-83.743919
-83.692999
-83.641506
-83.702428
-83.712665
-83.570349
-83.605205
-83.525187
-83.722136
-83.761026
-83.604436
-83.520659
-83.694177
-83.683591
-83.600977
-83.796247
-83.787816
-83.860618
-83.972162
-84.154631
-84.231242
-84.086216
-84.082781
-84.113367
-84.122455
-84.100417
-83.968397
-84.111206
-83.722926
-84.105592
-83.944214
-80.678189
-84.103435
-83.726089
-83.643057
-83.637242
-83.269700
-83.201534
-83.051709
-82.767678
-82.690982
-82.709717
-82.357933
-82.277027
-82.148102
-82.047810
-81.872457
-81.800798
-81.636180
-81.515437
-81.621298
-81.481581
-81.594590
-81.489371
-81.522812
-81.602585
-81.425811
-81.503807
-81.473335
-81.493626
-81.410704
-81.613754
-81.573341
-80.683288
-81.716589
-81.688053
-81.756605
-81.760124
-81.885379
-81.998121
-81.896263
-81.910297
-81.632027
-81.892113
-81.666343
-81.830598
-81.763897
-81.655529
-81.899897
-81.730802
-82.061534
-81.902494
-81.799276
-81.838528
-81.732551
-81.805624
-81.671268
-81.761884
-81.720324
-81.798514
-81.875297
-81.843395
-82.078007
-81.947943
-82.168773
-79.236807
-82.154706
-82.596979
-82.738286
-82.857068
-83.083650
-83.507855
-83.683200
-83.765413
-84.302902
-82.580849
-84.740103
-84.926327
-85.148240
-85.300660
-85.359009
-85.321164
-85.203453
-85.046304
-84.970338
-84.846268
-84.637447
-84.429365
-83.132351
-83.772601
-83.807514
-83.240607
-83.115828
-82.859658
-82.734193
-82.679780
-82.726647
-82.210691
-82.822568
-82.982188
-83.342210
-83.050355
-83.246977
-83.006913
-82.999548
-82.406394
-82.318292
-82.163803
-81.957143
-81.976658
-81.708629
-81.537360
-81.329791
-81.244102
-81.015972
-80.911933
-80.818823
-80.701182
-80.588564
-80.245184
-80.286718
-80.150425
-79.940682
-79.757061
-79.275375
-79.108617
-78.658382
-78.692990
-78.202211
-69.913526
-77.938295
-77.741622
-77.646966
-77.221245
-77.066462
-75.759056
-77.256047
-77.388453
-77.351485
-77.766414
-77.841038
-77.952399
-77.797200
-77.889446
-78.226663
-78.185176
-78.272604
-78.238829
-78.586106
-78.714138
-78.416094
-78.305508
-78.262478
-78.441316
-78.262478
-78.223989
-78.245765
-77.489041
-77.429077
-77.797402
-77.781478
-77.230274
-77.528913
-77.263988
-76.961755
-76.983717
-76.808155
-76.516651
-76.257419
-76.082302
-75.403873
-75.697109
-75.662324
-75.416927
-75.259320
-74.944820
-74.567436
-74.918879
-74.678711
-74.929717
-74.522506
-74.544507
-74.900703
-74.755563
-75.199954
-75.312438
-75.576835
-75.823308
-76.045654
-76.338704
-76.512142
-76.923276
-77.068425
-75.322592
-77.737039
-78.054032
-78.224434
-78.150319
-78.601510
-78.684560
-78.919956
-78.871198
-79.109847
-79.394197
-79.522667
-79.435078
-79.445248
-79.653350
-79.535907
-79.304134
-79.198857
-78.503593
-79.122569
-78.853521
-78.767335
-78.603333
-78.496589
-78.174810
-77.745412
-77.729776
-77.531666
-77.147943
-76.956677
-76.920470
-76.989917
-75.894515
-76.632614
-76.419849
-76.578209
-76.633077
-76.395580
-76.796432
-76.543120
-76.742720
-76.643670
-76.926497
-76.723990
-76.400482
-76.282279
-75.992688
-76.449434
-75.841998
-75.979381
-75.888656
-75.739021
-76.192603
-75.676986
-76.091631
-75.969427
-76.583397
-76.518230
-76.859757
-77.761304
-77.934542
-79.019278
-79.157644
-80.161375
-78.988883
-81.013007
-81.690527
-81.699941
-82.549975
-82.703150
-83.244853
-83.510488
-83.537664
-84.269612
-84.207321
-84.746100
-84.884306
-85.091555
-85.257688
-85.293279
-85.449205
-85.456267
-85.784643
-85.559370
-84.610703
-85.054350
-85.642177
-85.490561
-85.413485
-85.607279
-85.477521
-85.544319
-85.124713
-84.743600
-82.115778
-71.243432
-80.802051
-84.432620
-85.141662
-85.258813
-85.337179
-85.737261
-85.631739
-85.912272
-85.678597
-86.078969
-85.845411
-85.962274
-86.277153
-86.089178
-84.509605
-86.560097
-86.696633
-86.610508
-86.468426
-86.820635
-86.864397
-87.013540
-86.846515
-2819368310950029728104247828150704778723631000000000000000000000000000000000000000000000000000000000000000000000000000000000000000000000000000000000000000000000000000000000000000000000000000000000000000000000000000000000000000000000000000000000000000000000000000000000000000000000.000000
-86.684894
-2819402929981818140384682295137390518811041000000000000000000000000000000000000000000000000000000000000000000000000000000000000000000000000000000000000000000000000000000000000000000000000000000000000000000000000000000000000000000000000000000000000000000000000000000000000000000000.000000
-87.113304
nan
-86.895459
-87.145336
-86.802129
-86.983299
-82.154155
-86.933360
-86.811774
-86.395434
-86.973265
-87.158389
-87.154034
-86.632073
-87.016069
-87.069535
-87.172357
-86.967423
-85.378634
-75.576351
-86.449878
-87.196029
-87.281257
-87.135788
-87.080650
-87.064414
-87.140993
-87.010169
-87.072097
-81.305718
-86.808557
-86.688804
-86.828706
-87.220715
-87.179357
-87.250880
-87.303729
-87.339019
-85.814601
-86.899563
-87.135788
-87.222483
-87.056745
-87.267829
-87.071243
-87.218947
-87.084932
-87.217180
-86.773320
-87.315461
-87.203948
-87.270512
-87.228679
-87.174981
-87.257117
-87.140125
-87.167114
-87.288435
-86.901205
-86.677866
-87.217180
-87.146205
-87.039751
-86.983299
-86.225522
-85.806294
-86.413751
-86.551752
-87.093510
-86.942473
