-49.232156
-84.711233
-86.931705
-84.402020
-87.576153
-85.068870
-86.929224
-84.876053
-87.610835
-86.770927
-86.827090
-85.341192
-86.858699
-85.847344
-85.904429
-85.119260
-86.482576
-86.736784
-86.328685
-86.210783
-85.598750
-87.037207
-85.930627
-86.326526
-85.305777
-86.791703
-85.750476
-86.554027
-85.848633
-86.538886
-86.187721
-86.245253
-85.346357
-86.291406
-86.304274
-86.319335
-86.017548
-86.424042
-86.628986
-86.375738
-86.190510
-79.476496
-86.504263
-86.424778
-86.381564
-86.099410
-86.276442
-86.415220
-86.481085
-86.074893
-86.345999
-85.888135
-86.303558
-86.300696
-86.345999
-86.281424
-86.187024
-86.224819
-86.194696
-86.276442
-86.155777
-86.292834
-86.361206
-86.352510
-79.906579
-86.319335
-86.305706
-86.351786
-86.158545
-86.286412
-86.375738
-86.248786
-86.379379
-86.330846
-86.473634
-86.363383
-86.198887
-86.168943
-86.573026
-86.505013
-86.541154
-86.262947
-84.219708
-86.298550
-86.432883
-86.152319
-86.301411
-86.304274
-86.415220
-86.246666
-86.315027
-86.275730
-86.367739
-86.004833
-86.320772
-86.244547
-86.217795
-85.893342
-86.004165
-86.289979
-86.172414
-86.280712
-86.064718
-86.306423
-86.186327
-86.266494
-86.155777
-86.106929
-86.010851
-86.195395
-86.027613
-85.947741
-86.020230
-86.125440
-85.897252
-86.002161
-85.897904
-85.903123
-85.752367
-85.979514
-85.836402
-85.800552
-85.694744
-85.579924
-85.681698
-85.598141
-85.496502
-85.391961
-83.005908
-85.402418
-85.238040
-85.180731
-85.009483
-84.743600
-84.837577
-84.729130
-84.441936
-84.237910
-84.039639
-83.891727
-83.900774
-83.913554
-84.029451
-84.158124
-84.315565
-84.178263
-83.673032
-81.999449
-72.763272
-79.025034
-83.103476
-84.030723
-84.458755
-84.825845
-84.717190
-84.878630
-84.827373
-84.917474
-84.892574
-75.102887
-84.390485
-84.997279
-85.003112
-84.939379
-84.800451
-84.938333
-84.855490
-84.722658
-84.588943
-84.523361
-84.341914
-84.011678
-83.793033
-83.537286
-81.978773
-82.917043
-82.698778
-82.266560
-82.006629
-81.566842
-81.171694
-80.856236
-80.209495
-79.821591
-79.228797
-78.982777
-78.623192
-78.243750
-77.940278
-77.998369
-77.870921
-77.803566
-74.421004
-77.914061
-77.811966
-77.830240
-77.752001
-77.786209
-77.997311
-77.863841
-77.911884
-78.088230
-78.062288
-78.256301
-78.139272
-78.238717
-78.124440
-77.962980
-77.887590
-77.670045
-77.581914
-77.552230
-77.771329
-77.650772
-77.453169
-74.623276
-77.505059
-77.285024
-77.006044
-77.410749
-78.067873
-78.525746
-78.921264
-79.228095
-78.503830
-79.642991
-79.772149
-79.810662
-79.570094
-79.830129
-79.703643
-79.777881
-79.728616
-79.675233
-79.719175
-79.582412
-79.815963
-79.873882
-79.683487
-79.707874
-79.530787
-79.434489
-79.333517
-79.205415
-79.040198
-78.885444
-78.834249
-78.546693
-78.489242
-78.318922
-78.212086
-78.050071
-77.920497
-77.813385
-77.976533
-77.672792
-72.214682
-77.814297
-77.821398
-77.936731
-78.071420
-78.378533
-78.551615
-78.769482
-78.907813
-79.202902
-79.538167
-79.379492
-79.732082
-79.834323
-80.069430
-80.200004
-80.171305
-80.568642
-80.515454
-81.025304
-81.059194
-81.103931
-81.032741
-80.146955
-81.389641
-81.211624
-81.249017
-81.277500
-81.228500
-81.403286
-81.180707
-81.140841
-81.186873
-81.028914
-80.932459
-80.658437
-80.655121
-80.542726
-80.443182
-80.298735
-80.306645
-79.604705
-79.505875
-79.494816
-79.116135
-78.929118
-78.953295
-78.819531
-78.848245
-78.896224
-78.925189
-79.177439
-79.292864
-79.536961
-79.773104
-80.058030
-80.341513
-80.554140
-80.873014
-80.926229
-81.176968
-81.280426
-81.373508
-81.499542
-70.634077
-81.879430
-82.060995
-82.210970
-82.459239
-82.543947
-82.718801
-82.800784
-82.787384
-83.153441
-83.015298
-83.142365
-83.169065
-83.000551
-83.285034
-83.185793
-83.057468
-82.820320
-82.738286
-82.656226
-82.455401
-82.882066
-82.901318
-83.278252
-83.256194
-83.779001
-84.107750
-84.214395
-84.544316
-84.742101
-84.884306
-85.054350
-83.214519
-85.173551
-85.180178
-85.263318
-85.201231
-85.187369
-84.975080
-85.170793
-84.688472
-83.876554
-84.691434
-84.513395
-84.474229
-84.173877
-84.115096
-83.923888
-83.899951
-84.041765
-83.528964
-83.492464
-83.395382
-83.453667
-83.290754
-83.483480
-83.406389
-83.507479
-83.576076
-83.681242
-83.703608
-83.809126
-83.906129
-83.993136
-75.231548
-84.207763
-84.034967
-84.249939
-84.167306
-84.283078
-84.319643
-84.404331
-84.454544
-84.378521
-82.870036
-84.408493
-84.288025
-84.508184
-84.297035
-84.346929
-84.338725
-84.160745
-84.274096
-84.231686
-84.221924
-84.124188
-84.060516
-83.774200
-83.800267
-83.387328
-83.457383
-83.455896
-83.383306
-83.272549
-83.062217
-83.082968
-82.927888
-83.014963
-83.152748
-83.104847
-83.264364
-83.349093
-83.520282
-83.594067
-83.713453
-83.905304
-84.019709
-84.225471
-84.402482
-84.446135
-83.566155
-84.635984
-84.765146
-84.594735
-84.617009
-84.664356
-84.648680
-84.371175
-84.319190
-84.251277
-84.308777
-84.279932
-84.125488
-84.344193
-84.188367
-84.279932
-84.198054
-84.327357
-78.476945
-84.261106
-84.182214
-84.189247
-84.074204
-84.053262
-83.979701
-84.090085
-84.030299
-84.029875
-84.009567
-84.007035
-83.746699
-83.831350
-83.638017
-83.682808
-83.655100
-83.912315
-83.692214
-83.846366
-83.958374
-84.110774
-84.350580
-83.873280
-84.322364
-84.526688
-84.297938
-84.413122
-84.650636
-84.733615
-84.580752
-84.974026
-84.367048
-84.926848
-84.908120
-84.769669
-84.947753
-85.128535
-85.192354
-85.194572
-84.220151
-83.856134
-84.280830
-82.453335
-83.595218
-79.996278
-84.114231
-83.630661
-82.864195
-82.857392
-81.091626
-83.038525
-84.868845
-84.486460
-84.714211
-84.603438
-84.083639
-84.731621
-85.070487
-83.086038
-84.736110
-84.812114
-84.834513
-84.710241
-70.926332
-84.364757
-85.074261
-84.486931
-84.561058
-84.512921
-85.120350
-85.222944
-85.200675
-85.402418
-85.520942
-85.629900
-85.919473
-85.456267
-85.656338
-85.334888
-85.415818
-85.074800
-85.866073
-86.143341
-86.042417
-86.078290
-85.956984
-86.028285
-85.879037
-84.624784
-84.871418
-86.094632
-85.844767
-85.700971
-85.666835
-86.126815
-81.686322
-84.066927
-84.604890
-81.940860
-82.034129
-85.220712
-83.323788
-85.663127
-85.248134
-84.953520
-85.328592
-85.207900
-84.194089
-82.333761
-80.729056
-81.092488
-81.028489
-82.004500
-83.753459
-83.855319
-83.589849
-83.825682
-83.854912
-83.870827
-83.973836
-84.262895
-83.119609
-83.685550
-82.990859
-83.047310
-80.940155
-81.443309
-68.051355
-81.832899
-81.752084
-82.779745
-80.041240
-83.624476
-75.704025
-75.216586
-78.632361
-78.299610
-82.461898
-79.775014
-84.889989
-84.730126
-84.580752
-84.436810
-84.346929
-84.280830
-84.145911
-84.136339
-84.086216
-83.945877
-83.809126
-83.619458
-83.336784
-83.444393
-83.078537
-82.994199
-82.650049
-82.567807
-82.466630
-82.216832
-81.467924
-82.181777
-82.072059
-82.051035
-81.926988
-81.965044
-82.146178
-82.013021
-81.992016
-81.910036
-81.897301
-81.837248
-81.920199
-81.918113
-81.969264
-81.804099
-81.935620
-81.995465
-82.156910
-82.163527
-82.282979
-82.387177
-82.274762
-82.354472
-82.386886
-82.351878
-82.352742
-82.260630
-82.276461
-82.037612
-82.129445
-82.044587
-79.475307
-81.882791
-81.684345
-81.577197
-81.344391
-81.354915
-81.182688
-81.031040
-80.824698
-80.778118
-80.705717
-80.590293
-80.378857
-80.290840
-80.174096
-80.193512
-80.048355
-80.012559
-79.795760
-80.104154
-79.960076
-80.265634
-79.914957
-79.906415
-79.984901
-79.837875
-79.975054
-79.879097
-79.981728
-79.833677
-80.000636
-79.977556
-79.230201
-80.195792
-80.194389
-80.438913
-80.445968
-80.593752
-80.774910
-80.604530
-80.626749
-79.961239
-80.636639
-80.656291
-80.587604
-80.533237
-80.425393
-80.597598
-80.611859
-80.702759
-80.730047
-80.784340
-80.719151
-80.593559
-80.556427
-80.439470
-80.666053
-80.753517
-80.748534
-80.657852
-80.730642
-80.942446
-80.889445
-81.087101
-79.680838
-81.294861
-81.726808
-81.848525
-81.971639
-82.088300
-82.333761
-82.533418
-82.585408
-82.848659
-80.871989
-83.582192
-83.609052
-83.795845
-84.010411
-84.212626
-84.296585
-84.328719
-84.360636
-84.281729
-84.486931
-84.324633
-84.155941
-82.812944
-83.360710
-83.248394
-82.629419
-81.992812
-81.747318
-81.160071
-81.218056
-80.756111
-80.334807
-81.018515
-81.201662
-81.171914
-80.968563
-81.183789
-81.053420
-81.143458
-80.745348
-80.515265
-80.273841
-80.204571
-80.248379
-79.739813
-79.690352
-79.403979
-79.398575
-79.115177
-79.227393
-78.879870
-78.838225
-78.491966
-78.288855
-78.357346
-78.184292
-78.100772
-77.676915
-77.229742
-77.203684
-76.849598
-76.845217
-76.480488
-70.787896
-76.176861
-76.000158
-76.141686
-75.663127
-75.852890
-75.012460
-76.121869
-76.179782
-76.336035
-76.901041
-77.087590
-77.337293
-77.091793
-77.335205
-77.651943
-77.834210
-77.896878
-77.896155
-78.204539
-78.242743
-78.015110
-78.155689
-78.132831
-78.329980
-78.145940
-78.028081
-78.030637
-77.331213
-76.573712
-77.637127
-77.444037
-77.007306
-77.325775
-77.003688
-76.352075
-76.616197
-76.038846
-76.031780
-75.691386
-75.302535
-74.858671
-75.096214
-74.810641
-74.464047
-74.348343
-74.328220
-73.797091
-73.874344
-73.570006
-73.712113
-73.422620
-73.380822
-73.793876
-73.750396
-74.095678
-74.206615
-74.510315
-74.900806
-75.075070
-75.330995
-75.440042
-75.829465
-75.973737
-74.962814
-76.727540
-76.994782
-77.219831
-77.275344
-77.578264
-77.598665
-78.060786
-77.883056
-78.254842
-78.519064
-78.561355
-78.663802
-78.501574
-78.642530
-78.546333
-78.345761
-78.066476
-77.573179
-78.179328
-77.812371
-77.764008
-77.372859
-77.160307
-77.008485
-76.733858
-76.542213
-76.019962
-76.035009
-75.683931
-75.710452
-75.787566
-74.703600
-75.322021
-75.163189
-75.366848
-75.349287
-75.276634
-75.602403
-75.373951
-75.724149
-75.488069
-75.885469
-75.714325
-75.599602
-75.480363
-75.178907
-75.605511
-75.167099
-75.367599
-75.267432
-75.272228
-75.429552
-75.122749
-75.211128
-75.269801
-75.968433
-76.098318
-76.649325
-77.342928
-77.725106
-78.753345
-78.860738
-79.730349
-79.815802
-80.918557
-81.527815
-81.598222
-82.312006
-82.487985
-83.065612
-83.177769
-83.402717
-84.048574
-84.009145
-84.577383
-84.761129
-84.994101
-85.176863
-85.130173
-85.312609
-85.266136
-85.585381
-85.304070
-84.099555
-84.880177
-85.550333
-85.185708
-85.210682
-85.356130
-85.131813
-85.098058
-84.733615
-83.978024
-80.744353
-66.715765
-80.276699
-83.862250
-84.848828
-85.000990
-85.176311
-85.609108
-85.312039
-85.564198
-85.385003
-85.519747
-85.630513
-85.682318
-86.100776
-85.763099
-84.334174
-86.254445
-86.446917
-86.407881
-86.285699
-86.713908
-86.728882
-86.893819
-86.685676
-86.594405
-86.500516
-86.760577
-86.942473
nan
-86.920140
-86.934188
-86.738366
-87.004277
-84.709745
-86.901205
-86.984973
-86.386669
-87.021133
-87.283948
-87.072097
-86.452840
-86.918490
-87.095228
-87.181109
-87.007643
-85.314319
-75.349689
-86.284987
-87.324507
-87.144467
-87.070389
-87.140993
-87.041447
-87.177606
-87.076371
-87.115029
-81.223831
-86.796512
-86.596702
-86.862768
-87.064414
-87.098665
-87.231338
-87.292029
-87.186369
-86.179365
-87.032971
-87.077227
-87.152293
-87.080650
-87.178482
-87.102105
-87.161877
-86.929224
-87.134921
-86.842461
-87.194271
-87.169734
-87.309140
-87.150553
-87.132321
-87.127992
-87.083219
-87.060152
-87.079794
-86.835982
-86.624359
-87.205710
-87.090935
-86.990001
-86.974936
-86.114461
-85.814601
-86.240312
-86.388129
-87.095228
-87.027048
