-54.834889
-86.279121
-89.109442
-86.191246
-89.958700
-86.790363
-89.233802
-86.412902
-89.747561
-88.930896
-88.903909
-87.022913
-88.756400
-87.541154
-87.603600
-86.610329
-88.538891
-88.799624
-88.241986
-88.118482
-87.366287
-89.037354
-87.934188
-88.112441
-86.934570
-88.847366
-87.761372
-88.554139
-87.666956
-88.479365
-88.467183
-88.049089
-87.237491
-88.167987
-88.372767
-88.207473
-87.697417
-88.420644
-88.611802
-88.373683
-88.237546
-81.419849
-88.376431
-88.407702
-88.250880
-88.038055
-88.484059
-88.265149
-88.232224
-87.871734
-88.108131
-87.962421
-88.105548
-87.906137
-88.189001
-88.047390
-87.964921
-88.078082
-87.964088
-88.203948
-87.872550
-88.185492
-88.083219
-88.090077
-85.831452
-88.046540
-87.810970
-88.034665
-88.027048
-88.032971
-88.484059
-88.080650
-88.190757
-88.156647
-88.402167
-88.186369
-88.141861
-88.035512
-88.416942
-88.266936
-88.323601
-88.004277
-86.004173
-88.206591
-88.287537
-87.904492
-88.097805
-88.151423
-88.300126
-88.102965
-88.211000
-88.168861
-88.231338
-87.910250
-87.979115
-88.021133
-87.582939
-87.964088
-87.970760
-88.072952
-87.987486
-87.757397
-87.414485
-87.491537
-87.595936
-87.292120
-87.289265
-87.187024
-87.016878
-86.893994
-86.887485
-86.908348
-87.015538
-87.028285
-87.225522
-87.141272
-87.058625
-87.205181
-87.047138
-87.143341
-87.348168
-87.167555
-87.281424
-87.066073
-86.966909
-86.974865
-86.819080
-86.744178
-75.918879
-86.984167
-86.762467
-86.459213
-85.956668
-85.592804
-85.197173
-84.729649
-84.696925
-84.070029
-84.577222
-84.599440
-84.760229
-84.862250
-84.888442
-84.741538
-84.336061
-84.376369
-84.323428
-84.242730
-84.549038
-84.666006
-84.530854
-84.221203
-84.514629
-85.567772
-85.747101
-86.169690
-86.502450
-86.622550
-86.710327
-80.497354
-86.840261
-86.777027
-86.965584
-86.756783
-86.734121
-86.712201
-86.529319
-86.473972
-86.229647
-86.284779
-86.021722
-85.458287
-85.290726
-84.974673
-83.878486
-84.291469
-83.941730
-83.575688
-83.205673
-82.801560
-82.265142
-81.906351
-81.264565
-81.014072
-80.592323
-80.155159
-80.043290
-79.813658
-79.291909
-79.319264
-79.260118
-79.366200
-70.910832
-79.182637
-79.154263
-78.984537
-79.024356
-79.069485
-79.205759
-79.234361
-79.231793
-79.229450
-79.281512
-79.042052
-78.765812
-78.606291
-79.257760
-79.483562
-78.969909
-78.915410
-79.033834
-78.775546
-78.965603
-78.799927
-79.054889
-78.414446
-78.838081
-79.056926
-79.020315
-79.270577
-79.311187
-79.614409
-79.893754
-80.051639
-79.265176
-80.247086
-80.610219
-80.547826
-80.874045
-80.965063
-81.012727
-81.046490
-80.932585
-81.147302
-80.975721
-80.976221
-81.081372
-81.035488
-80.947965
-80.806331
-80.845473
-80.705209
-80.675856
-80.539675
-80.369910
-80.354420
-80.102068
-80.078271
-79.734762
-79.758256
-79.453982
-79.464918
-79.468923
-79.342783
-79.374265
-79.099797
-75.127613
-79.539739
-79.302445
-79.572204
-79.574015
-79.795705
-79.811745
-79.988751
-80.090357
-80.554782
-80.648399
-80.801202
-80.838683
-81.104497
-80.975721
-81.437429
-81.394436
-81.852766
-82.155474
-82.448455
-82.766415
-82.672500
-82.724313
-82.272328
-82.578644
-82.880464
-82.850835
-82.879947
-82.650132
-82.680393
-82.787872
-82.476160
-78.725007
-82.211402
-82.245442
-81.818823
-81.767100
-81.724299
-81.088553
-81.348593
-81.314750
-80.348932
-81.093861
-81.105356
-80.980392
-80.611446
-80.706463
-80.860872
-80.666529
-80.696758
-80.588203
-80.709912
-79.424718
-81.034305
-81.217068
-81.587412
-81.679757
-81.887182
-82.163577
-82.408616
-82.563476
-82.644007
-82.858545
-83.055609
-81.563866
-83.462489
-83.483825
-83.863223
-84.037850
-84.215574
-84.457011
-84.481611
-84.557778
-84.667957
-84.927200
-84.865923
-85.022671
-85.194970
-84.961295
-85.134601
-84.923060
-85.005348
-84.831756
-85.321457
-85.440071
-85.359264
-85.669267
-85.621381
-85.483635
-85.772687
-86.026521
-86.380370
-86.507811
-86.863485
-87.038375
-87.177279
-85.866273
-87.438787
-87.512517
-87.250907
-86.978849
-86.919473
-86.837688
-86.831262
-86.336033
-86.294414
-86.466291
-86.246450
-85.971919
-86.021722
-85.729628
-85.616039
-85.449403
-85.323725
-85.081493
-85.040915
-84.976767
-84.786212
-84.980120
-84.866740
-84.616758
-84.845960
-84.879420
-85.173438
-84.872462
-85.020555
-85.067782
-85.219265
-78.839814
-85.426576
-85.416366
-85.413586
-85.466251
-85.564893
-85.568252
-85.549093
-85.315112
-85.684525
-84.729649
-85.700332
-85.814653
-85.852414
-85.760628
-85.839109
-85.807039
-85.825336
-85.748601
-85.820246
-85.675659
-85.465782
-85.493060
-85.295683
-84.796247
-84.472649
-85.079777
-85.099986
-84.867966
-85.173877
-84.980539
-85.109478
-84.591766
-85.240580
-85.190567
-85.199377
-85.164681
-85.144605
-85.413122
-85.218822
-84.871644
-85.191447
-85.140253
-85.173000
-85.185289
-85.292528
-85.081922
-85.534302
-85.481281
-85.603922
-85.842176
-85.786799
-85.947753
-85.911755
-86.016397
-85.951422
-85.682553
-86.024921
-86.101313
-86.124713
-85.984052
-86.130173
-86.190138
-86.195681
-82.907434
-86.250380
-86.136735
-86.051666
-86.013205
-86.011078
-85.980356
-85.853439
-85.536685
-85.694398
-85.569213
-85.388181
-85.281280
-85.257976
-84.826492
-85.012945
-84.799061
-84.730440
-84.892959
-84.991875
-85.145040
-85.508184
-85.532398
-85.201582
-85.754109
-85.889472
-85.520037
-86.091013
-85.914354
-86.330881
-86.260502
-80.458105
-86.707206
-86.798640
-86.763731
-86.853148
-86.801190
-86.869311
-86.993488
-86.992821
-86.307484
-86.206232
-86.522736
-86.671784
-86.342340
-86.519747
-86.268955
-86.053276
-86.260502
-86.514968
-86.262755
-86.257125
-86.677977
-86.254313
-86.411153
-86.115991
-86.292145
-86.254876
-86.346932
-86.225736
-86.199010
-86.182942
-86.098058
-86.162528
-69.072625
-85.619923
-85.631111
-86.043090
-86.476929
-85.629650
-85.737607
-86.920129
-87.065396
-87.332286
-87.499767
-87.664622
-87.746285
-87.404216
-87.472890
-86.986162
-87.299266
-87.563136
-87.198887
-88.250880
-88.084932
-88.150553
-88.050789
-88.072097
-87.672408
-87.755808
-87.508013
-87.797314
-87.378650
-87.330846
-87.571503
-87.598234
-82.644497
-85.585568
-86.768158
-86.222386
-85.169933
-86.968234
-86.296116
-87.019559
-86.684180
-85.877599
-86.723460
-86.687905
-86.027054
-86.349229
-85.015903
-84.996501
-83.724763
-83.683822
-84.634531
-84.657435
-84.835404
-84.978443
-84.754255
-84.818002
-84.788618
-85.094387
-81.403442
-84.673032
-84.740744
-84.762222
-84.540694
-85.268716
-73.044560
-85.173000
-85.113367
-84.965471
-85.317377
-85.056247
-85.351493
-85.412196
-84.870418
-85.707762
-85.388642
-85.859595
-86.405328
-86.306346
-86.177968
-86.043625
-85.809068
-85.676151
-85.356519
-85.403868
-85.129825
-84.887621
-84.739157
-84.610592
-84.179164
-84.420371
-84.309754
-84.105189
-84.227544
-83.910484
-83.801743
-83.814867
-78.176906
-83.535822
-83.511838
-83.292633
-83.238676
-83.085860
-83.183440
-83.029846
-79.448230
-82.942695
-82.993077
-83.075302
-83.047273
-83.148652
-83.184272
-83.219627
-83.201217
-83.401144
-83.413695
-83.465742
-83.699715
-83.573262
-83.554200
-83.608275
-83.129719
-83.629726
-83.823853
-83.863223
-83.707214
-81.677405
-83.822247
-83.804620
-73.921739
-83.677916
-83.688802
-83.491257
-83.272780
-83.179561
-83.089656
-82.931694
-82.393568
-82.723315
-82.634958
-82.446817
-82.289442
-82.245889
-82.160728
-81.997790
-81.876500
-81.923739
-81.597406
-81.620555
-81.589140
-81.592983
-81.531531
-81.540257
-81.353319
-81.289406
-81.331367
-81.516020
-81.313488
-81.526418
-81.520365
-81.688786
-79.782637
-81.652587
-81.724299
-81.827335
-81.780324
-81.802051
-81.870145
-81.857870
-81.709269
-81.952247
-81.690162
-81.764100
-81.842983
-81.930173
-81.957261
-82.009620
-82.031465
-82.200999
-82.251924
-82.265815
-82.185991
-82.231171
-82.113888
-82.297120
-81.961862
-82.394724
-82.195917
-82.312971
-82.294635
-82.295313
-82.583711
-82.578644
-73.063475
-82.582021
-82.821407
-82.796232
-82.810200
-83.167116
-83.196210
-83.435085
-83.364575
-83.762290
-82.573100
-84.366166
-84.626408
-84.810738
-85.308777
-85.388642
-85.582678
-85.776714
-86.060260
-86.210126
-86.188476
-86.012141
-85.722161
-83.746798
-84.429964
-84.128559
-83.741752
-83.445967
-83.026101
-83.097802
-83.545754
-83.466630
-82.994934
-84.106904
-84.195931
-84.137182
-83.986521
-83.951974
-83.702213
-83.153054
-82.680146
-82.684592
-82.491025
-82.285608
-82.325467
-82.120610
-81.971078
-81.773507
-81.529068
-81.539308
-81.347139
-81.346958
-81.085303
-80.964398
-80.712422
-80.426695
-80.272254
-79.913815
-79.747435
-79.481434
-79.198444
-79.174480
-78.769322
-78.880791
-70.381353
-78.545841
-78.477207
-78.255423
-78.393418
-78.179357
-72.374935
-78.341110
-78.343474
-78.671516
-78.724213
-79.118131
-79.089418
-79.118892
-78.987279
-79.444010
-79.893884
-79.631504
-79.778458
-79.995132
-79.931608
-79.835275
-79.694480
-79.853392
-79.711769
-79.793037
-79.817615
-79.850046
-79.469277
-79.081649
-79.582475
-79.361139
-79.257087
-79.325417
-79.036501
-78.940173
-78.628475
-78.485469
-78.243853
-77.627520
-76.294641
-76.618024
-77.143617
-76.864520
-76.657448
-76.652455
-76.376436
-76.368406
-76.176587
-75.748752
-76.086738
-74.471381
-76.055209
-76.173385
-76.375858
-76.407715
-76.692878
-77.011588
-77.071431
-77.591497
-77.650565
-77.946787
-78.268544
-78.513942
-72.949283
-79.093631
-79.518111
-79.745300
-79.833480
-80.181603
-80.236666
-80.442298
-80.490788
-80.653350
-80.825616
-80.617122
-81.041917
-80.786013
-81.113609
-80.784736
-80.588966
-80.731925
-79.724625
-80.650255
-80.387057
-80.191892
-80.030798
-79.868742
-79.836429
-79.239388
-79.536745
-78.961827
-78.759302
-78.678977
-78.316274
-78.582779
-77.946621
-78.304901
-78.156298
-78.297965
-78.878013
-78.499210
-78.281795
-77.752234
-78.081506
-78.301927
-78.050449
-78.378815
-77.946787
-78.078424
-77.904246
-77.768298
-78.071756
-77.699377
-77.889638
-77.652194
-77.601913
-77.724069
-77.661278
-77.882926
-77.867249
-78.084675
-78.530717
-78.923822
-79.749446
-80.234135
-80.921374
-81.673683
-74.618262
-82.852633
-83.074761
-83.660865
-84.113423
-84.476754
-85.106887
-85.093096
-85.686991
-85.865245
-86.112181
-86.516162
-86.608498
-86.849278
-86.932598
-87.272176
-87.229039
-87.203082
-87.618968
-87.535110
-86.553343
-87.335891
-87.330846
-86.791636
-87.091904
-86.837688
-86.650175
-86.599359
-85.241471
-85.915914
-86.040413
-85.888438
-85.022671
-85.876053
-86.022788
-86.322306
-86.661275
-86.802465
-87.008844
-86.916198
-86.993488
-87.165474
-86.740404
-87.345999
-87.198887
-87.150246
-85.416366
-87.466196
-87.708404
-87.814189
-88.049089
-88.301927
-88.235771
-88.572316
-88.529387
-88.592496
-88.632167
-87.698201
-88.647747
-88.959101
-88.878116
-88.924654
-83.805260
-89.061966
-83.794717
-88.991711
-88.805689
-88.798614
-88.985380
-88.733456
-88.741423
-88.713602
-88.835126
-88.829020
-89.067335
-87.989162
-88.066121
-79.765694
-88.587683
-89.297910
-89.199330
-89.406905
-89.223766
-89.045899
-89.541416
-89.429037
-89.468923
-81.450244
-89.448934
-89.264051
-89.325189
-89.558226
-89.470102
-89.732507
-89.723750
-89.712517
-89.210420
-88.943409
-89.787961
-89.454804
-89.543814
-89.649404
-89.417375
-89.518707
-89.458329
-89.638361
-89.306984
-89.584774
-89.552215
-89.570273
-89.665405
-89.571480
-89.674045
-89.522285
-89.542615
-89.497301
-89.383731
-89.156346
-89.599323
-89.555821
-89.374495
-89.292249
-88.797604
-88.611802
-88.996994
-88.992767
-89.415046
-89.422036
