-48.119444
-85.098058
-88.221539
-85.153181
-88.793037
-85.905082
-88.232686
-85.558164
-88.889337
-88.283206
-88.004401
-86.153702
-87.700746
-86.704477
-86.517027
-85.663127
-87.702722
-87.891509
-87.310042
-87.150553
-86.327245
-88.164030
-86.805341
-86.878266
-85.880336
-87.781478
-86.755013
-87.557004
-86.589050
-87.189001
-87.204829
-87.062709
-87.464376
-87.173231
-87.331757
-87.217180
-86.684113
-87.350847
-87.723518
-87.444782
-87.183738
-81.579608
-87.409549
-87.366362
-87.301927
-86.977443
-87.418793
-87.242875
-87.286640
-86.762963
-87.058448
-86.511016
-87.009327
-86.919315
-87.006801
-87.029586
-87.059300
-87.045691
-87.069535
-87.183738
-86.846515
-87.224253
-86.954930
-87.206591
-88.221539
-87.200427
-87.074661
-87.159261
-87.164495
-87.104687
-87.354493
-87.003436
-87.194271
-87.072097
-87.265149
-87.213647
-87.142730
-86.982462
-87.446644
-87.258009
-87.224253
-87.065267
-85.745437
-87.392039
-87.273195
-86.977443
-87.318172
-87.172357
-87.327224
-87.249990
-87.210118
-87.334479
-87.321791
-85.046304
-87.056745
-87.198667
-85.642177
-87.194271
-87.146205
-87.509498
-87.134921
-87.112441
-86.881535
-86.417424
-86.198887
-86.115832
-86.210082
-86.204481
-85.898556
-86.455805
-86.602833
-86.328685
-86.179365
-86.401287
-86.253030
-86.397628
-86.626672
-86.654521
-86.781303
-86.745493
-86.963254
-86.718631
-86.764555
-86.755808
-86.739949
-86.631301
-86.481830
-86.458029
-85.940492
-86.349615
-86.200285
-85.913580
-85.914889
-85.725339
-85.620715
-85.510195
-85.406492
-84.937811
-85.256563
-85.415818
-85.472198
-85.646482
-85.647097
-85.681077
-85.526326
-85.242523
-85.990822
-86.180757
-86.064041
-86.359030
-86.573788
-86.567698
-86.708404
-86.931705
-86.935015
-86.770927
-86.872550
-86.906137
-86.954930
-77.413244
-85.939834
-86.787700
-86.772522
-86.547964
-86.488548
-86.479594
-86.347445
-86.068785
-86.070820
-85.849278
-85.649560
-85.625611
-85.287610
-85.441568
-84.426576
-85.624999
-85.652023
-85.612160
-85.976857
-86.164088
-86.274308
-86.344554
-86.432883
-86.554785
-86.542666
-86.628214
-86.510265
-86.554785
-86.289979
-86.200285
-86.102143
-86.404216
-77.091107
-86.373555
-86.356856
-86.222008
-86.164088
-86.098727
-86.039722
-85.815240
-85.773857
-85.534113
-85.094263
-84.707762
-85.184602
-85.681077
-85.970885
-86.240312
-86.190510
-86.304990
-86.563896
-86.541154
-86.547207
-86.612814
-86.612045
-83.873280
-86.313592
-86.320772
-86.395434
-86.287125
-86.119261
-86.101459
-86.248786
-86.159930
-86.200285
-86.256569
-86.343109
-86.372100
-86.400555
-86.640574
-86.800523
-86.702907
-86.703692
-86.705262
-86.905314
-86.788500
-86.940814
-87.035512
-86.868471
-86.743116
-86.670850
-86.688022
-86.678647
-86.682550
-86.664622
-86.622818
-86.579887
-86.541910
-86.441003
-86.504263
-85.879037
-86.382293
-86.078969
-86.265075
-86.240312
-85.405910
-72.785760
-86.468426
-86.403484
-86.343831
-86.636708
-86.676306
-86.580649
-86.766147
-86.205181
-86.911074
-86.922615
-86.856260
-87.038055
-87.170608
-86.925919
-87.046540
-86.953267
-87.055043
-86.987486
-87.288435
-87.234884
-87.134921
-84.540499
-66.923845
-86.778906
-86.985811
-87.094369
-86.967423
-86.721782
-86.805341
-86.722571
-86.768537
-85.724713
-86.950773
-86.788500
-86.851384
-86.819022
-86.909427
-86.853821
-86.920965
-86.855447
-85.462750
-87.071243
-87.016069
-87.154905
-87.018601
-86.918490
-86.746285
-86.659180
-86.171720
-86.438048
-86.711548
-85.978849
-86.805341
-86.652194
-86.771725
-86.589815
-86.847326
-86.868471
-86.960755
-86.828706
-86.825476
-86.862768
-86.922615
-78.102721
-86.975771
-86.874998
-86.900384
-86.778906
-86.947451
-87.105548
-87.102105
-86.794908
-87.120209
-87.137522
-87.075516
-87.196908
-87.127992
-86.810970
-87.033818
-87.027048
-86.928398
-86.783701
-87.184615
-87.048240
-87.084932
-87.233997
-87.108131
-87.093510
-87.303729
-87.264256
-87.266936
-87.180233
-87.181109
-87.359967
-87.388361
-85.377477
-87.430840
-87.483120
-87.408625
-87.355404
-87.457835
-87.360880
-87.428057
-86.938328
-82.315720
-87.269617
-87.258009
-87.072097
-87.189879
-87.136655
-87.176731
-87.042296
-87.083219
-86.914368
-87.066121
-87.104687
-87.229565
-87.125396
-87.218063
-86.827090
-87.472801
-87.621488
-87.503832
-87.311848
-87.459703
-87.501945
-87.568483
-86.044440
-87.612770
-87.636056
-87.207473
-87.527489
-87.486879
-87.663383
-87.572316
-87.017757
-87.506664
-68.473782
-87.419718
-87.430840
-87.378265
-87.484999
-87.402167
-87.294726
-87.325412
-87.527489
-87.515171
-87.563697
-87.778461
-87.716575
-87.726497
-87.164495
-87.305532
-87.755400
-87.798614
-87.586721
-87.789533
-87.823937
-87.954911
-88.080248
-87.923614
-88.086719
-87.877088
-87.788526
-87.888415
-87.904944
-87.920497
-87.310042
-87.805689
-87.854521
-87.879145
-87.766414
-87.766414
-87.082362
-87.876059
-87.821906
-87.477488
-87.855545
-87.773437
-87.622457
-87.344474
-87.528438
-87.600208
-87.157518
-87.642872
-87.589607
-87.440130
-87.259793
-87.551276
-87.571358
-87.749404
-78.662077
-87.711622
-87.651651
-87.715584
-87.465312
-87.547461
-87.516118
-87.905979
-87.452236
-87.843282
-87.842262
-87.793567
-87.818861
-87.851453
-87.372767
-87.435482
-87.531286
-87.686943
-87.638003
-87.989600
-87.894606
-87.938191
-87.830037
-87.090077
-87.522748
-88.060893
-87.926734
-87.927774
-87.563697
-87.905979
-87.955958
-79.890691
-88.406905
-88.173929
-88.077016
-87.782484
-87.936106
-87.898738
-88.021378
-88.039489
-81.027640
-86.677866
-86.695066
-79.368460
-84.992512
-86.872550
-86.416689
-79.411587
-85.601794
-81.673486
-86.846515
-80.334444
-87.177606
-78.226552
-81.385256
-79.231325
-79.613746
-85.375164
-87.724511
-87.586721
-87.439200
-87.638003
-87.721533
-88.001225
-78.687162
-84.404793
-81.444010
-78.734261
-81.316603
-78.944607
-81.081505
-88.483089
-87.759402
-88.357232
-88.377956
-88.273055
-88.612703
-80.595867
-82.021025
-82.159666
-83.387328
-85.589631
-86.770927
-88.399940
-88.301311
-88.236036
-88.176132
-88.334320
-87.888415
-88.702556
-88.425535
-88.534232
-87.755400
-87.952817
-88.229339
-88.559430
-84.621867
-87.312751
-87.469055
-86.950773
-85.888135
-86.317181
-88.044830
-88.533036
-88.011820
-87.181985
-88.352640
-88.358380
-88.249461
-88.332035
-83.565012
-80.395905
-80.201233
-78.798501
-79.922197
-87.779466
-87.846345
-88.096443
-87.669261
-88.131195
-87.680058
-88.300177
-75.450323
-73.232729
-72.865655
-73.585215
-77.631681
-81.318874
-67.760553
-86.314309
-78.532916
-81.340280
-75.568184
-75.021296
-82.789933
-83.788618
-85.951699
-84.637447
-83.728462
-78.024036
-88.141020
-88.043761
-87.656535
-87.755400
-87.878116
-88.143206
-87.765411
-88.391828
-88.292249
-88.397621
-88.060893
-88.151962
-87.197787
-88.244981
-88.201546
-88.171728
-87.808725
-88.017127
-88.082404
-87.921536
-77.985697
-87.733456
-87.904944
-86.517778
-87.589607
-87.569441
-87.588645
-87.675147
-83.292185
-87.695811
-87.730472
-87.779466
-87.887384
-87.882233
-87.785504
-87.748406
-87.469991
-87.839202
-87.712612
-87.653604
-87.604069
-87.787518
-87.241098
-87.547461
-86.610508
-87.633139
-87.617611
-87.724511
-87.541746
-82.660865
-87.727490
-87.526540
-76.514471
-87.648722
-87.491581
-87.371852
-87.267829
-87.118482
-87.518011
-87.536988
-86.324367
-87.642872
-87.129723
-87.549368
-87.501945
-87.689897
-87.571358
-87.735446
-87.583836
-87.654581
-87.617611
-87.546508
-87.181109
-87.527489
-87.419718
-86.966589
-86.801326
-86.253737
-86.284274
-87.301026
-86.534355
-86.902848
-86.767740
-86.542666
-79.583022
-86.406415
-86.331566
-86.400555
-86.285699
-86.487801
-86.511766
-86.649867
-86.094632
-79.902151
-86.733621
-86.906959
-86.905314
-86.971595
-86.790902
-87.141861
-87.062709
-87.154905
-87.312751
-87.334479
-87.217180
-87.372767
-86.874182
-87.348115
-86.690369
-87.196908
-87.139258
-87.131455
-86.642122
-87.037207
-86.853821
-86.656850
-73.476269
-86.563896
-86.562376
-86.693500
-86.481085
-86.651418
-86.858699
-86.801326
-86.014199
-86.902848
-61.138452
-87.268723
-87.096087
-87.215413
-87.186369
-87.244653
-87.119346
-87.359054
-87.280361
-87.200427
-87.157518
-86.954930
-86.674746
-85.522736
-86.181452
-86.778108
-86.884807
-86.913544
-86.626672
-86.716269
-86.934188
-86.814189
-84.148525
-86.745493
-86.853009
-86.725725
-86.787700
-87.000914
-87.073806
-87.120209
-86.645993
-87.194271
-87.066974
-87.178482
-87.187246
-87.163622
-86.826283
-86.879900
-86.857886
-86.643670
-86.906137
-86.677086
-86.812579
-86.801326
-86.680208
-86.790102
-86.504263
-86.912721
-87.145336
-87.269617
-87.051640
-86.925919
-86.803735
-86.731251
-68.171849
-87.055043
-87.114166
-87.300126
-86.990839
-87.307335
-64.959787
-87.098665
-86.692717
-87.178482
-87.156647
-87.049089
-86.827898
-86.696633
-80.396824
-86.487054
-86.292834
-86.032990
-86.108298
-83.205741
-86.336612
-85.598141
-86.177279
-86.135759
-86.238196
-86.660734
-86.752631
-86.874998
-70.503048
-57.606626
-87.089219
-86.932533
-86.606669
-87.244653
-86.888082
-86.770927
-87.012697
-86.568459
-87.097805
-87.069535
-86.490790
-83.355623
-86.674746
-86.536620
-85.847988
-86.457288
-86.286412
-86.028957
-85.358433
-85.882284
-85.923407
-85.765628
-85.345209
-85.589631
-85.765628
-85.858959
-85.790999
-86.254445
-86.121320
-86.307139
-86.444698
-86.680208
-86.841650
-86.952435
-73.847504
-87.412320
-87.299225
-87.277672
-86.988324
-87.181985
-87.306434
-87.633139
-87.099525
-87.392958
-87.190757
-87.236659
-87.113304
-87.345384
-87.227794
-87.356317
-87.016069
-86.973265
-85.031859
-86.755013
-86.824668
-86.560097
-85.449793
-86.612814
-86.623589
-86.934188
-86.959923
-86.845704
-86.465453
-86.632073
-86.864397
-86.639801
-86.433620
-86.796512
-87.084075
-86.465453
-86.667735
-86.511766
-86.766943
-85.592061
-86.119947
-86.432145
-86.090541
-86.222711
-86.200984
-86.055919
-86.157161
-86.257985
-86.426251
-86.561616
-86.564656
-86.538131
-86.990001
-86.952435
-86.877449
-87.151423
-86.692717
-87.153163
-86.984136
-87.001754
-87.142730
-87.029586
-87.037207
-86.774915
-74.260346
-86.519283
-86.473634
-86.484815
-86.324367
-86.270754
-86.041069
-86.093268
-86.229039
-86.316463
-86.399091
-86.677866
-86.821441
-87.032971
-87.126261
-87.525592
-87.594423
-87.635084
-87.938191
-87.845323
-79.704583
-88.012881
-87.868868
-86.533600
-87.930896
-88.120305
-88.053390
-87.968543
-87.751402
-87.782484
-87.610835
-87.333571
-86.212184
-85.806932
-84.576902
-85.794181
-86.296406
-86.499767
-86.659180
-86.608972
-86.825476
-86.794107
-86.739949
-87.114166
-86.968257
-87.071243
-85.782102
-87.388361
-87.376431
-87.046540
-87.112441
-86.984136
-86.855447
-87.481242
-87.353581
-87.536988
-87.695811
-85.486408
-88.125747
-88.034154
-87.916344
-88.154154
-83.930929
-87.470927
-80.987254
-87.044842
-86.964921
-87.171482
-87.584797
-87.696798
-87.904944
-86.895459
-87.278568
-86.406415
-86.840840
-85.567218
-86.211483
-76.365052
-87.311848
-88.434879
-88.433710
-88.690137
-88.486638
-88.368733
-88.578726
-88.609050
-88.543814
-83.055435
-88.486638
-88.478362
-88.476000
-88.789229
-88.535429
-88.696342
-88.780357
-88.854423
-88.521092
-88.186059
-88.731255
-88.279819
-88.605400
-88.827460
-88.582354
-88.560633
-88.500861
-88.486638
-88.434879
-88.774031
-88.654321
-88.681465
-88.713764
-88.688897
-88.782890
-88.624902
-88.711271
-88.602968
-88.502049
-88.357232
-88.702556
-88.726251
-88.628569
-88.441901
-88.012881
-87.839202
-88.063040
-88.017127
-88.595681
-88.606616
