-46.016311
-85.412319
-88.171728
-85.138924
-88.919302
-85.413485
-88.160736
-85.105114
-88.967945
-87.893573
-88.001225
-86.108982
-87.556049
-86.544936
-86.685676
-85.855084
-87.501002
-87.729478
-87.301927
-86.867656
-86.424778
-87.976954
-86.897921
-87.049939
-85.922751
-87.905979
-86.717843
-87.312751
-86.680208
-87.572316
-87.168861
-87.258901
-86.454322
-87.108131
-87.145336
-87.162749
-86.647542
-87.359967
-87.571358
-87.264256
-87.133188
-79.665287
-87.459703
-87.299225
-87.399403
-86.898742
-87.288435
-87.445713
-87.189879
-86.735993
-87.105548
-86.651418
-86.976607
-86.904492
-87.168861
-86.970760
-87.204829
-87.041447
-87.029586
-87.328130
-86.927571
-87.287537
-87.125396
-87.230451
-85.028655
-87.301927
-86.882353
-87.121074
-87.134054
-87.119346
-87.442920
-87.235771
-87.237546
-87.055894
-87.416942
-87.181109
-87.136655
-87.033818
-87.469991
-87.414168
-87.427129
-87.044842
-84.611673
-87.230451
-87.329037
-86.931705
-87.349025
-87.277672
-87.359967
-87.346294
-87.403089
-87.298325
-87.211882
-86.337333
-87.052490
-87.124531
-86.110351
-86.462482
-86.910250
-87.297425
-87.222483
-87.429912
-86.970760
-86.874182
-86.885626
-86.862768
-87.255334
-87.181985
-86.956593
-87.140125
-87.055894
-87.032971
-87.025357
-87.213647
-87.059300
-87.110717
-87.131455
-86.978279
-87.052490
-87.125396
-86.993356
-87.027894
-86.840840
-86.800523
-86.765351
-86.798116
-86.790102
-86.763759
-74.977137
-86.785300
-86.738366
-86.649092
-86.361931
-86.379379
-86.162008
-85.981507
-85.869958
-85.545521
-85.595100
-85.400092
-85.219039
-84.996749
-84.871933
-84.503453
-84.083639
-83.412271
-81.899118
-78.982379
-79.653505
-83.565012
-84.968232
-85.590238
-85.704087
-85.984167
-85.794818
-86.117889
-86.194696
-86.340942
-86.253737
-73.784528
-85.313749
-86.355406
-86.344554
-86.339498
-86.449137
-86.340942
-86.019559
-86.171025
-85.895297
-85.696611
-85.653872
-85.230765
-85.115447
-84.933109
-83.467058
-84.449403
-84.174754
-83.922646
-83.642669
-83.101421
-82.772755
-82.311721
-81.834177
-81.724562
-81.122781
-80.811743
-80.451360
-79.734290
-79.180214
-78.655674
-78.469866
-78.493388
-70.446823
-79.388805
-79.311854
-79.334380
-79.626497
-79.776925
-79.888892
-79.698009
-79.836744
-79.871928
-79.895435
-80.151120
-79.923185
-79.819339
-79.601491
-79.247791
-79.114220
-78.733509
-78.595439
-78.199330
-78.619042
-78.559189
-79.012327
-78.222318
-79.420381
-79.850168
-80.019795
-80.128264
-80.363698
-80.276163
-80.700591
-80.941613
-79.246381
-81.096155
-81.003701
-81.493626
-81.487245
-81.772463
-81.808165
-81.917852
-81.931694
-81.799783
-81.889522
-81.974544
-82.117962
-81.929602
-81.903794
-81.617889
-81.725311
-81.963199
-81.675951
-81.831365
-81.562275
-81.504518
-81.479223
-81.296668
-81.447987
-81.383642
-80.504517
-81.177847
-80.818216
-81.331842
-81.192385
-78.840278
-72.577297
-81.497411
-81.603798
-82.065309
-82.039757
-82.428041
-82.464559
-82.878486
-82.680713
-83.232835
-83.625249
-83.566917
-83.872871
-84.079348
-83.951705
-84.516715
-84.082781
-84.579789
-84.510552
-84.916954
-85.254876
-84.938333
-84.911755
-80.104325
-85.064025
-85.199010
-84.907601
-85.085602
-84.841153
-84.913834
-85.147692
-84.821263
-81.760375
-84.865759
-84.831962
-84.753107
-84.517189
-84.330537
-84.206880
-84.151577
-83.986413
-81.694488
-83.591766
-83.401616
-83.316585
-83.371265
-83.092868
-83.030095
-83.097656
-83.023700
-83.063914
-83.143056
-83.109304
-83.434768
-83.655489
-83.874917
-84.080635
-84.375764
-84.456883
-84.487874
-84.519087
-84.824317
-84.760628
-84.799944
-78.741784
-84.829922
-84.520512
-84.225028
-83.330281
-83.137182
-82.992529
-83.132696
-83.293616
-83.867966
-84.068638
-84.325541
-84.594735
-84.988809
-85.197345
-85.655721
-85.631126
-85.939834
-85.226853
-86.367013
-86.449878
-86.573788
-86.682550
-86.766147
-86.076931
-86.689586
-86.655297
-86.599000
-86.231855
-86.441003
-86.359030
-86.278576
-86.585994
-86.182845
-86.100093
-86.113091
-85.984832
-86.145411
-86.283561
-86.320772
-85.885534
-84.719675
-85.775125
-85.585381
-85.418153
-85.401837
-85.204009
-84.969285
-84.922159
-84.856516
-84.624297
-84.932587
-84.787809
-84.880177
-84.888438
-85.003642
-84.874507
-85.187369
-85.362466
-85.215137
-85.164731
-85.429845
-85.482259
-85.696611
-81.167963
-85.798640
-85.669927
-85.803741
-85.767526
-85.978849
-86.016878
-85.992821
-85.732237
-86.189115
-77.140212
-86.262947
-86.131628
-86.188418
-86.154394
-86.123380
-86.069463
-86.040395
-86.226929
-86.123380
-86.069463
-86.011521
-86.150246
-86.142651
-85.626223
-84.677136
-86.169637
-86.387399
-86.043091
-86.311440
-86.308572
-86.179365
-85.774491
-86.189812
-86.290693
-86.158545
-86.231151
-86.237491
-86.367013
-86.436572
-85.946422
-86.196093
-86.478103
-86.296406
-86.298550
-86.432145
-86.003497
-86.399823
-86.445438
-86.548721
-86.604367
-86.625130
-86.681769
-86.700553
-86.551752
-86.664622
-86.189812
-86.721782
-85.909002
-86.548721
-86.511766
-86.465453
-86.607437
-86.639801
-82.436260
-86.517027
-86.520035
-86.705262
-86.284274
-86.450618
-86.475123
-86.673187
-86.107613
-86.423306
-86.346722
-86.072177
-86.329405
-86.193300
-86.054567
-86.098727
-85.756783
-85.746696
-85.688527
-86.041069
-85.920784
-85.959628
-86.150937
-85.227970
-85.547926
-85.918818
-85.754259
-85.908348
-85.851212
-85.986828
-86.093268
-79.216320
-86.024256
-86.475123
-86.275730
-86.351786
-86.276442
-86.322929
-86.371373
-86.325087
-85.120895
-82.636182
-84.784780
-85.668690
-83.693392
-84.916954
-84.500616
-81.623734
-82.447734
-84.217937
-84.129391
-83.737571
-86.650643
-86.152319
-85.759308
-85.009483
-85.159227
-84.574978
-86.567698
-86.648317
-86.482576
-86.621277
-86.532845
-86.526812
-67.397367
-82.664889
-84.303805
-86.500516
-85.266136
-86.753425
-86.697417
-87.078082
-86.751044
-87.310945
-87.288435
-87.523695
-87.685959
-86.940814
-86.728092
-84.893609
-86.245960
-85.714700
-87.000914
-87.262470
-87.356317
-87.211000
-86.987486
-86.866026
-86.825476
-85.644021
-87.019445
-87.059300
-86.604367
-87.029586
-86.726514
-87.240210
-81.359499
-85.754890
-85.017994
-85.422241
-85.319452
-85.230206
-85.487594
-86.982462
-86.675526
-84.996219
-86.806949
-86.593640
-85.366502
-86.211483
-84.781250
-83.512746
-83.439948
-83.631048
-81.191282
-84.019286
-85.501855
-84.911755
-85.632966
-84.636959
-85.380949
-85.994821
-83.721741
-85.297820
-84.990396
-85.613381
-85.260502
-85.013205
-70.317527
-85.176311
-83.784208
-84.012522
-84.981939
-79.380219
-83.072410
-80.617461
-84.460627
-84.160745
-83.869192
-83.336061
-86.024927
-86.138514
-85.937859
-85.872550
-85.986828
-85.812682
-85.206232
-85.590845
-85.564198
-85.676118
-85.489968
-85.411736
-84.615068
-85.131266
-84.730624
-84.727635
-84.838598
-84.678612
-84.821263
-84.667793
-77.751902
-84.643304
-84.578826
-84.438207
-84.276340
-84.699343
-84.451739
-84.493060
-83.285749
-84.481752
-84.628676
-84.693904
-84.733615
-84.634521
-84.496364
-84.605374
-84.398325
-84.868330
-84.481752
-84.844733
-84.821263
-84.822281
-84.664847
-84.763639
-84.074632
-84.689459
-85.028121
-84.844221
-84.482222
-82.693164
-84.741102
-84.676643
-71.895666
-84.477989
-84.474229
-84.095678
-83.957123
-83.700855
-84.066071
-83.716214
-82.885974
-83.971743
-82.827709
-83.983056
-83.564631
-83.619458
-83.505599
-83.376004
-83.410799
-83.188587
-83.445875
-83.342210
-83.327755
-83.620615
-83.402717
-83.425165
-82.975862
-82.914418
-82.949990
-82.983521
-82.958928
-83.135802
-83.254420
-83.105532
-80.712429
-83.499214
-83.716609
-83.690253
-83.531610
-83.799061
-83.871644
-84.079348
-83.834998
-82.468405
-82.790252
-84.169933
-84.023942
-84.091805
-83.761823
-84.141558
-84.266477
-84.142863
-84.312396
-84.468127
-84.389103
-84.624297
-84.510552
-84.524312
-84.416830
-84.591356
-84.746100
-84.484576
-84.657001
-84.583159
-84.423325
-84.624784
-74.658814
-84.750103
-84.454076
-84.742101
-84.724649
-85.005765
-85.331453
-85.257125
-85.124168
-85.837688
-78.386505
-86.594405
-86.377194
-86.666178
-86.219199
-86.177974
-86.078969
-86.205880
-86.339498
-86.345276
-86.399091
-86.438048
-86.340942
-83.451069
-86.070142
-86.659957
-86.623589
-86.764555
-86.656074
-86.736784
-86.850572
-86.690369
-85.908348
-86.578361
-86.474379
-85.949060
-85.577501
-85.274035
-85.096973
-84.881725
-84.143734
-84.622839
-84.077204
-83.945461
-83.486473
-82.946353
-83.135111
-83.227544
-84.168182
-84.292078
-84.743101
-85.050057
-84.640374
-83.967979
-84.448469
-84.616524
-84.473759
-83.961712
-84.094817
-83.114110
-83.316585
-83.258324
-82.617761
-82.667367
-69.686388
-82.351013
-82.037344
-82.087487
-81.946631
-81.377421
-73.682456
-81.794964
-81.792937
-82.009025
-81.905874
-82.499001
-82.210412
-82.389502
-82.169602
-82.486202
-82.867439
-82.498405
-82.659009
-81.196359
-82.671087
-82.627576
-82.421301
-82.661484
-82.388049
-82.409021
-82.724763
-82.387177
-78.815062
-76.936257
-82.187877
-81.994138
-80.818823
-82.096444
-80.772505
-81.213619
-81.038913
-80.048863
-80.996102
-80.307005
-80.521310
-78.502524
-80.016260
-79.982730
-78.302218
-79.513813
-79.211843
-78.529688
-78.996063
-78.487229
-78.949212
-78.773652
-77.820383
-79.169676
-78.950397
-79.371796
-79.607768
-79.689571
-80.391683
-80.379772
-80.904286
-81.128213
-81.425811
-81.942171
-70.199582
-82.600029
-82.754063
-83.025045
-83.259389
-83.039538
-83.879830
-83.636467
-84.013367
-84.373010
-83.974673
-85.029189
-84.472820
-84.951946
-84.996219
-84.870903
-85.088307
-84.361094
-83.169413
-84.648191
-84.658471
-84.767156
-84.422396
-85.024921
-84.256189
-84.385879
-84.280830
-83.698104
-84.155068
-83.304727
-83.659771
-83.205741
-82.286384
-83.546382
-82.864520
-83.769804
-83.676549
-83.927200
-84.353777
-83.175679
-84.540022
-84.255742
-84.323271
-84.572094
-84.069066
-84.481281
-84.018863
-84.162931
-84.183092
-83.700069
-84.139818
-83.773401
-83.698890
-83.472649
-83.397948
-84.009989
-84.417757
-84.673691
-85.155928
-85.120350
-85.860898
-86.085772
-86.091222
-86.826283
-72.063475
-87.084932
-87.186369
-87.175856
-87.523695
-87.290232
-87.624398
-87.575193
-87.491581
-87.857592
-87.756400
-87.901840
-88.039489
-88.005460
-87.932979
-88.066261
-88.109442
-87.983272
-88.083482
-87.980112
-85.084521
-87.929855
-88.010759
-87.257117
-87.945498
-87.776451
-87.675147
-87.807713
-87.103826
-87.385605
-86.502764
-83.378194
-81.551237
-84.391867
-85.998156
-86.283561
-86.735202
-87.134054
-86.983299
-87.146205
-87.312751
-87.261577
-87.226908
-87.618580
-87.668281
-87.719549
-84.893091
-87.925693
-87.960149
-87.966443
-87.930896
-88.349199
-88.351492
-88.523478
-88.357232
-88.317215
-88.200438
-88.018189
-88.557023
-88.525865
-88.627346
-88.507991
-81.413953
-88.354935
-79.797840
-88.417375
-88.441901
-88.309255
-88.388356
-88.416210
-88.559430
-88.563041
-88.535429
-87.914269
-88.427869
-86.695850
-86.587522
-77.690390
-88.124658
-88.376802
-88.155250
-88.446589
-87.690882
-87.515171
-88.559430
-88.417375
-88.486638
-79.625267
-88.220426
-88.167327
-87.839202
-88.499674
-88.534232
-88.533036
-88.494929
-88.569067
-88.086719
-87.950725
-88.300177
-88.280948
-88.511560
-88.489005
-88.321769
-88.179439
-88.352640
-88.479543
-88.188268
-88.609050
-88.483089
-88.564246
-88.350345
-88.405744
-88.448934
-88.353787
-88.373342
-88.280948
-88.122481
-88.020315
-88.473640
-88.340036
-88.326329
-88.085640
-87.357229
-87.024512
-87.705686
-87.680058
-88.202654
-88.095361
