-53.729186
-85.192354
-88.252823
-85.189030
-88.962660
-85.810126
-88.139927
-85.309192
-88.942898
-87.879145
-87.855545
-86.007507
-87.670242
-86.698985
-86.629757
-85.768791
-87.454101
-87.876059
-87.416942
-86.941643
-86.459513
-88.162932
-86.848949
-87.053341
-85.998823
-87.871949
-86.780504
-87.307335
-86.698985
-87.505720
-87.186369
-87.037207
-86.322929
-87.102105
-87.271406
-87.268723
-86.672408
-87.380099
-87.720541
-87.429912
-87.324507
-79.711010
-87.382851
-87.279464
-87.309140
-86.922615
-87.403089
-87.411396
-87.230451
-86.852197
-87.178482
-86.616659
-87.056745
-87.054192
-87.102105
-87.102105
-87.111579
-87.106409
-87.053341
-87.247321
-86.930878
-87.375515
-87.102965
-87.239322
-85.277990
-87.161877
-86.954930
-87.321791
-87.184615
-87.209236
-87.510443
-87.253552
-87.240210
-87.291130
-87.418793
-87.249990
-87.084932
-87.065267
-87.412320
-87.482181
-87.438270
-87.211000
-84.658471
-87.350847
-87.416017
-86.976607
-87.224253
-87.235771
-87.403089
-87.274986
-87.241098
-87.390199
-87.497231
-85.868015
-87.221599
-87.335387
-87.114166
-86.846515
-87.044842
-87.292928
-87.298325
-87.447576
-87.082362
-87.072952
-87.004277
-86.927571
-87.156647
-87.034665
-87.059300
-87.051640
-87.081506
-87.058448
-87.032971
-87.090935
-87.023667
-87.053341
-86.949112
-86.906959
-86.781303
-86.842461
-86.786100
-86.824668
-86.704477
-86.771725
-86.502015
-86.482576
-86.159930
-85.992821
-75.270478
-85.385003
-85.493531
-85.332598
-85.279686
-85.340045
-84.673691
-84.546704
-83.818406
-83.632209
-83.641506
-84.575459
-83.388425
-83.650434
-83.229660
-83.897893
-83.629888
-84.152013
-83.837432
-83.518774
-83.265430
-84.649169
-84.783771
-84.732618
-84.436344
-81.867557
-84.026060
-85.530517
-85.757414
-85.935228
-86.003497
-76.202382
-86.166168
-86.151628
-86.178669
-86.170331
-86.202382
-86.264365
-86.026270
-86.115832
-85.966909
-85.865426
-85.696611
-85.390800
-85.202897
-85.053276
-83.718187
-84.607795
-84.450337
-84.245480
-83.902009
-83.800267
-83.255129
-82.941069
-82.508849
-82.256963
-81.606224
-81.410704
-81.203653
-80.886154
-80.568259
-80.438357
-80.343508
-80.233137
-71.268285
-80.252109
-80.295863
-80.240042
-80.238094
-80.170084
-80.259222
-80.299993
-80.346776
-80.378674
-80.457130
-80.509605
-80.394803
-80.470190
-80.448942
-80.374834
-80.449686
-80.325038
-80.654536
-80.500564
-80.652393
-80.475611
-80.444668
-79.193284
-80.250865
-80.247846
-80.114987
-80.243943
-80.319440
-80.860118
-81.278851
-81.384334
-79.117366
-81.674965
-81.945318
-82.212923
-81.678912
-82.262888
-82.122606
-82.227460
-81.913942
-81.928034
-82.165459
-81.697957
-82.334048
-82.129171
-82.081255
-82.167116
-82.099162
-82.215436
-82.053456
-82.091013
-81.945581
-81.782561
-81.666097
-81.680640
-81.593622
-80.765900
-79.646390
-79.584850
-79.834000
-79.073663
-79.644226
-79.071767
-72.466837
-79.332222
-81.187534
-79.684111
-79.983899
-81.227833
-80.740971
-81.794204
-78.731381
-77.998369
-76.261245
-76.326166
-80.913381
-82.088300
-79.993933
-80.488914
-80.742562
-81.410472
-80.666053
-82.002639
-82.498703
-82.461307
-81.563236
-81.617889
-83.188936
-83.209250
-83.176376
-83.288251
-83.193132
-83.170805
-83.218387
-83.304368
-77.862919
-83.118577
-83.203988
-83.006243
-82.822568
-82.681334
-82.636797
-82.433029
-82.334335
-80.812956
-82.326593
-82.375282
-82.290928
-82.257245
-82.317721
-82.279294
-82.302024
-82.521416
-82.454220
-82.411941
-81.639602
-82.476998
-82.591494
-82.669227
-82.644805
-82.980855
-82.978858
-83.053741
-83.160725
-83.221203
-83.230365
-83.339677
-80.559859
-83.736382
-83.640730
-83.809529
-83.966307
-83.962130
-84.251277
-84.326903
-84.055821
-84.265581
-84.308777
-84.467658
-84.429365
-84.571614
-84.495420
-84.536208
-84.381279
-84.432155
-84.031571
-84.470942
-84.588943
-84.501088
-84.706770
-84.944087
-84.879146
-85.272906
-85.582955
-85.673022
-85.690391
-85.988825
-86.312874
-86.483322
-86.398359
-86.501265
-86.639027
-86.327245
-86.128190
-85.856375
-85.513775
-84.678612
-84.650147
-82.549372
-85.309192
-84.928413
-86.688804
-82.574475
-81.764149
-82.080443
-84.204230
-86.358305
-85.994154
-85.598750
-85.434530
-84.940425
-85.933913
-85.988825
-84.273648
-84.594252
-84.829922
-84.744600
-84.303805
-84.296134
-84.516715
-84.872962
-81.009620
-85.903776
-85.777027
-85.815880
-85.658806
-85.755521
-85.947081
-85.819720
-85.481074
-86.014199
-85.215694
-86.092586
-86.017548
-85.954341
-85.929313
-86.005501
-85.943785
-86.200984
-86.080329
-86.130940
-86.125440
-85.937859
-86.028957
-85.970222
-85.522736
-85.784643
-86.006838
-86.085772
-85.699725
-85.933913
-85.878388
-85.879686
-85.722834
-85.792908
-85.914235
-85.917508
-85.796728
-85.982837
-86.028957
-86.157853
-85.824846
-86.229743
-86.322929
-86.481085
-86.403484
-86.466939
-86.080329
-86.645993
-86.472146
-86.554027
-86.667735
-86.633618
-86.673967
-86.518531
-86.449137
-86.534355
-86.049163
-86.458029
-86.195395
-86.271465
-86.175888
-86.243135
-86.442480
-86.407148
-82.461898
-86.396165
-86.446178
-86.501265
-86.411549
-86.548721
-86.390319
-86.564656
-86.162701
-86.656074
-86.576836
-86.410081
-86.666178
-86.538886
-86.515523
-86.732041
-86.341664
-86.401287
-86.554785
-86.690369
-86.773320
-86.862768
-86.845704
-86.196791
-86.615890
-87.035512
-86.841650
-87.391119
-87.080650
-87.226908
-87.350847
-81.672007
-86.271465
-87.439200
-87.389280
-87.386524
-87.318172
-87.448507
-87.455968
-87.457835
-86.659180
-86.860326
-87.057597
-87.101245
-86.982462
-87.285742
-86.914368
-87.038055
-86.686458
-86.992517
-86.879900
-86.917665
-87.435482
-87.204829
-87.158389
-87.140993
-86.806145
-87.164495
-87.711622
-87.376431
-87.218063
-87.389280
-87.383769
-87.539842
-68.791019
-87.339019
-87.455968
-87.715584
-87.818861
-87.686943
-87.761404
-88.106189
-87.694825
-88.121393
-88.036287
-88.108358
-88.182747
-88.028826
-87.713602
-87.688912
-87.612770
-87.711622
-87.518958
-88.032022
-87.994880
-88.059821
-87.927774
-87.934021
-87.504776
-87.776451
-87.612770
-88.016065
-87.787518
-88.052319
-88.054461
-88.033088
-81.975337
-87.069535
-87.531286
-87.292928
-87.162749
-87.154905
-87.381016
-87.779466
-87.315461
-85.746696
-87.601173
-87.495347
-87.056745
-87.411396
-87.014383
-86.840030
-86.137136
-86.506513
-86.503513
-85.905082
-86.821441
-86.913544
-86.812579
-86.674746
-86.621277
-87.100385
-86.702122
-86.587522
-86.712334
-86.893819
-86.945791
-87.085789
-70.714207
-87.225138
-87.034665
-87.075516
-86.739157
-86.584466
-86.788500
-87.001754
-86.257985
-86.967423
-86.841650
-86.953267
-87.319077
-87.391119
-87.068681
-87.408625
-87.247321
-87.309140
-86.608972
-87.159261
-87.216296
-87.217180
-87.190757
-87.110717
-86.304990
-87.029586
-86.866026
-86.709190
-86.472890
-86.690369
-86.489295
-86.399823
-79.145370
-86.173803
-86.269334
-85.937859
-86.030973
-86.127502
-86.237491
-86.243841
-84.506291
-86.191905
-86.006170
-86.153702
-85.978849
-86.144721
-86.049163
-86.012859
-86.071499
-86.064718
-86.102826
-86.019559
-86.083730
-85.995488
-85.795455
-85.978185
-84.951422
-86.100093
-85.907695
-85.974865
-85.836402
-83.041902
-86.241018
-85.841548
-72.265514
-86.085772
-85.971548
-85.928656
-85.503641
-85.780198
-85.810765
-85.829978
-84.433551
-85.450381
-84.906044
-85.153730
-85.102398
-84.896714
-84.961921
-84.772687
-84.539068
-84.663375
-84.493060
-84.882241
-84.766151
-84.933631
-85.076958
-84.813129
-84.530970
-84.279034
-84.862676
-84.937288
-84.880177
-85.144950
-84.901895
-84.592321
-82.696594
-84.657981
-84.551005
-84.651125
-84.258423
-84.618466
-84.671724
-84.439139
-84.262895
-84.070350
-84.470473
-84.373928
-84.448936
-84.535255
-84.062225
-84.775707
-84.398787
-84.824317
-84.760628
-84.917474
-84.124621
-83.365074
-84.062225
-83.929686
-84.265581
-84.566333
-84.440537
-84.721664
-85.259939
-86.179365
-84.313754
-85.648944
-73.446209
-86.048488
-86.372100
-82.953629
-82.670157
-82.443906
-82.990192
-86.841650
-84.611673
-85.671784
-82.838655
-85.835116
-85.687905
-85.604231
-86.321491
-86.219901
-85.994821
-86.847326
-86.884807
-87.017757
-86.808557
-86.684113
-86.500516
-83.720556
-85.873847
-86.282136
-85.982837
-86.096679
-85.727846
-85.717201
-85.886184
-85.509003
-85.068870
-85.437461
-85.651407
-85.329164
-85.359585
-85.953020
-85.740404
-85.970885
-85.265008
-85.880985
-85.976857
-85.995488
-86.038375
-85.693500
-85.801827
-85.455678
-85.327449
-85.313749
-84.777722
-85.157577
-84.597634
-84.795390
-84.678120
-84.791345
-84.702807
-84.354234
-84.672708
-84.108182
-84.209973
-84.145040
-83.949623
-84.170371
-72.021292
-84.294330
-84.213068
-84.047297
-83.971743
-83.706362
-73.114282
-84.136774
-83.918924
-84.331901
-84.173438
-84.339636
-84.019709
-84.004083
-83.206092
-84.225915
-84.360179
-84.012945
-84.183092
-80.489477
-84.393250
-84.202023
-84.209531
-84.435879
-84.471881
-84.215723
-84.545749
-84.094817
-83.554736
-83.381845
-83.693392
-83.337145
-82.489472
-83.445875
-82.857715
-82.998544
-82.860306
-82.836722
-82.959260
-82.894455
-80.567686
-78.621971
-79.838521
-80.414127
-82.609192
-82.510642
-82.460125
-82.162975
-81.366613
-82.593017
-82.286952
-81.507601
-81.914724
-82.129719
-81.965308
-82.353030
-82.363998
-82.316291
-82.913107
-83.142019
-83.717793
-83.621001
-83.930929
-84.232575
-70.175039
-84.632085
-84.349667
-84.674675
-84.774197
-84.492117
-85.236360
-84.696870
-85.352104
-85.340045
-85.179625
-85.375164
-84.840131
-85.676118
-85.199010
-85.596316
-85.361313
-84.899304
-83.471158
-84.723653
-85.234122
-84.745600
-85.170793
-85.463340
-84.388181
-84.984052
-84.270509
-84.640862
-84.539068
-83.999869
-84.677136
-83.604052
-83.289323
-83.791427
-83.634531
-84.139818
-83.513122
-84.229910
-83.687509
-83.032454
-83.970070
-83.468176
-84.283527
-83.691430
-83.934246
-83.899127
-83.590616
-84.060089
-83.575694
-83.881059
-83.802279
-83.700855
-84.116826
-83.754255
-83.917271
-84.124188
-83.947542
-84.599084
-84.606342
-85.088848
-85.714075
-85.804379
-86.289979
-86.344554
-71.556537
-86.953267
-87.085789
-87.392958
-87.375515
-87.478427
-87.774441
-87.664362
-87.713602
-87.903909
-88.020315
-88.125747
-88.066261
-88.253945
-88.132286
-88.155250
-88.117044
-88.108358
-88.308120
-88.073787
-88.004401
-88.148676
-88.151962
-87.076371
-88.132286
-87.973798
-86.704477
-87.725504
-87.474675
-88.122481
-87.875031
-87.288435
-84.336904
-88.048038
-88.201546
-87.573275
-87.923614
-87.918420
-87.854521
-87.935063
-87.937148
-87.706675
-87.666321
-87.989600
-88.220426
-88.197115
-85.189584
-88.228224
-88.413882
-88.268551
-88.013942
-88.465389
-88.439559
-88.701312
-88.551014
-88.468923
-88.780357
-88.139927
-88.863448
-88.655551
-88.583564
-88.697584
-81.434201
-88.638361
-80.973385
-88.552215
-88.593255
-88.280948
-88.715011
-88.528254
-88.638361
-88.413882
-88.409230
-88.042693
-88.083482
-86.475123
-86.245960
-78.040236
-88.101855
-88.464212
-88.277563
-88.506802
-88.036287
-87.841242
-88.509180
-88.375649
-88.589618
-79.726568
-88.219313
-88.210420
-87.917382
-88.505613
-88.489005
-88.535429
-88.569067
-88.549813
-87.360880
-88.019252
-88.446589
-88.336605
-88.523478
-88.595681
-88.422036
-88.357232
-88.453629
-88.459505
-88.211531
-88.563041
-88.569067
-88.528254
-88.589618
-88.547413
-88.599323
-88.461858
-88.596895
-88.496115
-88.374495
-88.086719
-88.543814
-88.454804
-88.615140
-88.278691
-87.599243
-87.381016
-87.988545
-87.891509
-88.492559
-88.303579
