-54.259798
-85.158677
-88.093199
-85.040413
-88.929773
-86.019559
-88.141020
-85.308622
-88.801935
-87.923614
-88.019252
-86.085092
-87.614706
-86.639027
-86.582176
-85.580530
-87.670242
-87.790541
-87.382851
-87.292029
-86.439525
-87.985380
-86.863583
-87.083219
-85.703464
-87.666321
-86.642122
-87.526540
-86.629757
-87.445713
-87.197787
-87.053341
-85.680457
-87.203948
-87.191635
-87.258901
-86.546450
-87.288435
-87.589607
-87.246431
-87.126261
-82.009558
-87.293827
-87.370021
-87.149683
-86.970760
-87.393878
-87.170608
-87.381016
-86.810970
-87.030432
-86.514020
-87.065267
-86.906137
-86.895459
-86.957425
-86.899563
-87.035512
-86.863583
-87.115892
-86.900384
-87.223368
-86.971595
-87.177606
-88.274181
-87.149683
-86.892179
-87.129723
-87.036360
-87.167114
-87.594423
-86.869287
-87.081506
-87.256226
-87.389280
-87.155776
-87.137522
-86.877449
-87.339019
-87.310042
-87.408625
-87.021133
-85.838974
-87.264256
-87.329943
-86.858699
-87.169734
-87.205710
-87.289334
-87.236659
-87.250880
-87.265149
-87.307335
-86.985811
-87.056745
-87.115892
-87.837164
-87.144467
-87.046540
-87.151423
-86.870918
-86.883171
-86.409348
-86.310006
-85.976857
-85.694744
-85.770057
-85.758677
-85.870606
-86.084411
-86.215690
-86.062009
-86.094632
-85.971548
-85.838331
-86.173803
-86.346722
-86.370646
-86.380836
-86.478103
-86.432145
-86.322929
-86.304990
-86.245960
-86.219199
-86.008844
-85.713450
-85.546122
-84.801464
-85.252627
-85.098600
-85.177416
-85.008421
-84.628189
-84.613613
-84.720669
-84.867302
-84.643792
-84.869874
-84.822790
-84.794884
-84.830942
-84.722658
-85.095889
-85.023321
-85.278555
-85.390800
-85.510195
-85.633579
-85.880336
-86.035009
-85.763731
-85.868663
-86.016208
-85.976193
-85.795455
-85.636034
-85.596925
-85.471607
-82.799187
-85.289877
-84.999929
-84.710241
-84.616524
-84.504398
-84.226802
-83.744316
-83.458126
-82.782926
-82.563569
-81.908995
-81.424880
-80.985570
-80.730841
-80.080518
-80.316914
-80.271520
-80.319079
-80.296042
-80.324134
-80.336256
-80.477295
-80.317094
-80.449872
-80.174271
-80.202111
-80.079664
-79.940517
-79.865584
-79.687854
-79.334092
-79.063245
-75.769614
-78.200105
-77.635765
-77.207825
-76.840273
-76.569981
-76.477581
-76.211624
-76.103510
-76.035547
-76.169845
-76.084683
-76.183054
-76.493331
-76.662211
-76.897839
-77.096259
-76.968090
-77.397560
-77.391211
-77.553566
-77.464844
-77.370936
-76.837682
-76.896690
-77.059726
-76.730303
-76.766704
-76.573102
-76.415220
-76.740582
-76.632536
-76.400042
-77.024681
-77.376615
-77.670242
-77.603490
-77.982640
-78.109876
-78.295531
-78.448465
-78.534830
-78.821959
-78.557625
-79.009256
-78.909117
-79.030932
-79.132581
-79.032542
-79.040466
-78.762919
-78.631504
-78.381997
-78.226552
-78.038528
-77.981481
-77.798109
-77.787518
-77.513658
-77.510443
-77.467183
-77.380649
-77.467651
-77.389096
-73.480676
-77.784799
-77.860972
-78.116174
-78.473640
-78.741031
-78.859706
-79.124076
-79.219822
-79.498997
-79.826905
-79.760233
-79.826744
-80.032109
-80.155983
-80.485913
-80.479542
-80.662341
-80.671530
-80.781729
-80.389298
-80.045135
-79.947634
-78.832711
-79.401057
-79.081256
-79.039391
-78.897785
-78.677135
-78.571480
-78.493388
-78.548133
-78.016065
-78.621971
-78.731631
-78.965433
-79.176606
-79.453224
-79.609453
-79.691757
-79.968058
-79.935062
-80.201408
-80.368989
-80.432796
-80.603759
-80.840744
-80.710059
-80.737989
-80.833831
-80.828146
-80.849706
-80.755113
-81.111288
-80.891915
-80.792583
-80.519420
-80.426317
-80.277593
-80.094033
-79.842238
-79.820143
-79.853085
-80.031264
-75.103702
-80.306645
-80.514321
-80.598368
-80.847260
-80.985360
-81.476396
-81.491498
-81.828809
-82.147277
-82.241203
-82.687868
-82.845107
-83.173589
-83.159684
-83.380019
-83.569587
-83.498464
-83.711482
-83.722531
-83.971743
-84.014635
-84.147218
-84.355605
-84.294781
-84.727138
-84.802477
-85.259376
-85.318311
-85.511985
-85.866073
-86.077610
-86.747078
-86.325806
-86.406415
-86.389589
-86.153010
-86.084411
-85.985497
-85.773224
-85.291578
-84.814653
-85.007890
-84.820754
-84.661903
-84.362467
-84.317830
-84.183532
-84.138078
-84.113367
-83.963800
-84.165556
-84.250831
-84.300645
-84.340091
-84.367048
-84.244143
-84.470003
-84.573536
-84.760628
-84.678612
-84.681568
-84.729130
-84.782762
-83.839866
-84.765648
-84.719178
-84.780746
-84.574017
-84.585087
-84.339636
-84.352407
-83.929686
-83.751470
-82.674190
-83.345831
-83.260099
-82.955284
-82.939750
-83.086379
-82.786110
-82.784518
-82.771168
-82.827388
-82.942060
-83.189286
-83.353083
-83.581045
-83.563869
-83.947542
-84.280381
-84.272751
-84.402020
-84.609734
-84.671724
-84.617980
-84.322818
-84.784276
-84.840642
-84.947229
-85.040948
-85.036668
-85.221828
-85.073182
-84.774197
-84.989338
-84.894126
-84.889472
-84.913834
-84.802477
-84.527639
-84.826864
-84.803997
-84.635496
-84.636471
-84.553875
-84.476579
-84.482693
-84.213510
-84.157250
-83.707543
-84.260659
-84.156377
-84.018863
-84.040490
-84.066927
-84.114664
-83.883929
-77.494782
-83.749084
-83.698890
-83.630274
-83.545623
-83.467803
-83.514629
-83.698890
-83.476754
-83.780602
-83.951288
-83.898305
-84.157687
-84.081493
-84.046445
-84.155504
-84.435879
-84.477519
-84.657491
-84.846268
-84.941471
-85.053276
-85.209013
-85.006296
-85.161428
-85.569031
-85.687905
-85.925375
-85.838331
-86.051189
-86.049838
-78.586469
-85.340045
-86.150246
-86.021571
-86.097362
-85.998156
-86.173109
-86.146792
-86.238902
-81.937191
-85.043625
-84.412659
-84.773694
-84.752106
-85.313749
-85.288743
-86.024927
-83.590616
-85.004704
-84.861135
-84.205996
-86.155085
-85.033461
-84.790840
-85.583562
-84.927891
-85.143306
-85.305208
-85.525727
-85.322306
-85.738518
-85.993488
-86.116518
-77.946647
-86.308572
-86.728882
-86.996713
-87.138390
-87.311848
-87.381016
-87.663383
-87.110717
-87.808725
-87.763407
-87.825969
-87.863739
-87.775446
-87.682024
-87.789533
-87.738433
-87.927774
-88.027761
-88.244981
-88.178336
-88.199330
-87.941321
-88.221539
-87.807713
-88.269676
-88.403421
-88.258434
-88.012881
-88.168427
-88.342325
-88.360679
-82.360531
-87.824953
-88.084561
-87.960149
-87.887384
-87.954911
-88.168427
-88.143206
-87.715584
-86.653745
-87.901840
-87.849409
-87.884292
-87.747408
-87.306434
-87.018601
-86.706047
-86.717056
-86.573026
-86.157161
-86.289979
-85.979514
-85.826129
-85.780833
-85.284212
-85.664981
-83.524432
-83.264364
-83.659771
-84.266029
-85.836402
-85.771324
-68.131555
-86.560857
-86.755013
-86.488548
-84.652104
-85.038273
-85.810765
-85.042554
-84.704788
-86.848949
-86.101459
-86.106245
-87.454101
-87.463441
-86.843271
-87.233997
-86.891359
-86.866026
-86.486308
-86.686458
-86.635162
-86.706832
-86.419629
-86.441741
-85.647097
-86.328685
-86.196093
-86.177974
-85.949060
-85.939175
-85.854439
-85.726593
-77.980006
-85.443917
-85.531716
-84.925285
-84.962446
-84.954569
-84.864217
-84.846780
-81.687806
-84.686498
-84.529066
-84.476579
-84.405255
-84.567292
-84.378980
-84.346473
-84.431690
-84.396941
-84.469534
-84.465313
-84.521461
-84.343737
-84.248601
-84.325995
-83.641894
-84.334174
-84.143299
-84.168182
-83.957123
-80.770102
-83.935906
-84.004083
-76.574778
-83.915619
-84.004083
-84.020132
-83.988513
-84.084069
-84.340091
-84.261553
-83.610977
-84.582678
-84.659942
-84.543362
-84.678120
-84.658961
-84.779233
-84.567292
-84.496364
-84.528591
-84.496836
-84.292979
-83.955038
-83.923888
-83.743125
-83.658603
-82.885323
-82.658699
-82.357356
-82.270517
-81.895225
-81.583952
-81.346905
-81.016395
-78.768219
-80.586645
-80.547859
-80.718755
-80.835660
-81.212511
-81.433035
-81.821662
-81.944269
-82.423058
-82.609803
-82.720996
-82.991861
-83.321626
-83.455896
-83.827301
-84.115096
-84.464375
-84.609734
-84.830942
-84.973499
-85.107831
-85.205120
-85.264445
-84.937811
-85.480482
-85.358433
-85.387900
-85.328021
-85.393121
-85.162528
-85.250942
-74.273872
-84.893091
-84.799944
-84.843710
-84.522411
-84.620409
-84.746100
-84.935198
-84.422396
-85.262191
-85.081818
-85.693500
-86.026941
-86.030973
-86.191905
-86.505763
-86.526059
-86.758986
-86.954098
-87.081506
-86.948281
-86.873366
-86.766943
-85.054350
-85.418737
-85.875144
-85.458623
-85.284212
-85.034530
-84.911236
-85.210682
-85.082899
-84.402020
-85.222386
-85.350379
-85.226294
-85.037738
-85.064563
-84.690940
-84.428900
-83.746699
-83.623318
-83.292185
-83.034814
-82.842202
-82.471662
-82.075843
-81.600161
-81.149353
-80.868506
-80.644022
-80.332996
-80.228717
-80.079664
-80.004830
-80.158591
-80.317996
-80.748933
-81.128648
-81.356060
-81.729803
-81.886673
-81.911598
-82.329459
-68.979448
-82.380210
-82.707840
-82.837366
-82.642956
-82.685378
-64.925712
-82.448913
-82.004234
-82.020491
-81.887450
-81.617646
-81.448923
-81.028277
-78.182637
-80.357868
-79.950783
-79.690508
-79.306134
-78.775295
-79.023427
-78.912379
-79.000323
-78.964641
-79.039929
-79.242014
-79.431399
-79.598892
-79.559930
-78.649527
-80.088382
-80.267239
-80.263318
-80.673487
-80.388014
-80.399213
-80.278487
-80.391866
-80.382884
-80.442996
-80.078127
-79.530636
-80.458621
-80.437615
-79.978557
-79.801683
-79.700512
-79.300279
-79.156125
-79.311998
-78.875079
-78.222764
-78.609172
-78.605643
-78.550894
-78.589861
-78.741910
-78.659613
-78.889856
-79.036167
-79.346335
-79.448791
-79.631731
-79.838036
-71.880412
-80.460298
-80.580124
-81.028702
-81.251253
-81.367761
-81.653566
-81.824979
-82.026903
-82.021025
-82.083150
-82.327452
-82.227460
-82.130267
-81.995200
-82.235308
-81.523050
-81.607438
-81.036145
-81.329108
-81.681381
-81.132563
-81.217390
-80.929343
-81.231171
-80.963745
-80.857053
-81.269857
-80.837083
-80.878142
-80.770302
-80.656291
-80.251398
-80.024851
-80.059899
-79.374408
-79.399889
-79.022624
-78.915904
-78.433359
-78.244198
-78.465271
-78.209643
-78.406789
-78.253496
-78.360104
-78.406905
-78.732257
-79.042214
-79.530937
-80.186506
-80.608579
-81.216724
-81.419530
-81.897560
-82.278443
-82.326306
-82.839945
-83.019329
-83.101763
-83.190334
-83.264719
-83.372358
-83.146861
-70.126468
-82.982188
-82.906226
-82.898049
-82.862250
-83.065272
-83.173937
-83.513875
-83.783406
-84.458755
-84.848828
-85.420489
-85.802465
-86.098044
-86.481830
-86.517778
-86.699769
-86.832747
-87.291130
-87.248210
-85.896600
-87.700746
-87.722525
-86.360480
-87.795585
-88.008639
-88.037354
-88.048038
-87.899772
-88.139927
-88.167327
-88.043761
-87.982218
-87.999109
-87.951771
-87.858616
-87.780472
-87.973798
-87.734451
-87.724511
-87.691868
-87.615674
-87.669261
-87.682024
-87.813790
-87.869895
-86.496024
-88.477181
-88.230454
-88.049108
-87.964344
-87.926734
-87.970644
-87.995937
-87.974850
-87.952817
-88.056604
-83.541831
-88.227109
-88.248340
-88.300177
-88.096443
-85.765628
-87.935063
-75.274261
-87.249100
-86.802932
-86.890540
-86.964921
-87.117618
-87.379181
-86.963254
-87.028740
-86.614351
-86.836792
-85.974202
-86.405682
-76.347734
-87.194271
-88.399940
-88.493744
-88.510370
-88.490189
-88.212642
-88.686418
-88.492559
-88.611485
-83.803889
-88.688897
-88.389513
-88.420870
-88.665405
-88.531840
-88.643266
-88.756366
-88.738773
-88.446589
-88.004401
-88.642039
-88.535429
-88.615140
-88.660475
-88.476000
-88.560633
-88.549813
-88.601753
-88.373342
-88.716258
-88.604184
-88.638361
-88.683941
-88.697584
-88.711271
-88.570273
-88.631015
-88.635911
-88.476000
-88.334320
-88.671575
-88.612703
-88.664172
-88.445416
-87.960149
-87.876059
-88.191584
-88.104021
-88.561837
-88.575102
