-51.033003
-85.192354
-88.333177
-85.154280
-89.042618
-85.691013
-88.213753
-85.214580
-88.873785
-88.193795
-87.980112
-85.941809
-87.612770
-86.644444
-86.625130
-85.769424
-87.455968
-87.817846
-87.354493
-86.965755
-86.476613
-88.028826
-86.968257
-87.096087
-85.809487
-87.801645
-86.779705
-87.381016
-86.631301
-87.496289
-87.155776
-87.188124
-87.597315
-87.073806
-87.232224
-87.196029
-86.621277
-87.432696
-87.649698
-87.339019
-87.107270
-80.846853
-87.376431
-87.345384
-87.256226
-86.968257
-87.496289
-87.262470
-87.171482
-86.804538
-87.186369
-86.524552
-87.003436
-86.933360
-87.131455
-87.233111
-87.030432
-87.073806
-87.209236
-87.304630
-86.994195
-87.314557
-87.157518
-87.253552
-88.256189
-87.167987
-87.055043
-87.210118
-87.258009
-87.123667
-87.440130
-86.876632
-87.070389
-87.045691
-87.301927
-87.161877
-87.000914
-86.920140
-87.387442
-87.374599
-87.326318
-87.055043
-85.493531
-87.275881
-87.308237
-87.036360
-87.203068
-87.190757
-87.232224
-87.157518
-87.262470
-87.267829
-87.357229
-86.432145
-87.161005
-87.290232
-86.790102
-87.023667
-87.076371
-87.260685
-87.119346
-87.105548
-87.050789
-86.876632
-86.902027
-86.994195
-86.926745
-86.848137
-86.901205
-87.042296
-86.883171
-86.895459
-87.013540
-87.000914
-87.101245
-86.929224
-86.844893
-86.701338
-86.663844
-87.005960
-86.772522
-86.709190
-86.650643
-86.627443
-86.586758
-86.561616
-86.481830
-86.302843
-86.832747
-86.356856
-86.315027
-86.167555
-86.028285
-85.837045
-85.864132
-85.655721
-85.518552
-85.088848
-85.249818
-85.099142
-84.930499
-85.088307
-84.960344
-84.961921
-85.022255
-84.740602
-83.972580
-84.365215
-84.362925
-84.408956
-84.590391
-82.052380
-80.261180
-81.248347
-81.672746
-80.474863
-81.799276
-81.672500
-80.024514
-75.071888
-84.950373
-84.673691
-83.702034
-83.771402
-84.490231
-85.853148
-82.385434
-81.230058
-80.635474
-79.869324
-85.143854
-82.759757
-81.887968
-80.721130
-79.805048
-78.717631
-79.102749
-79.428311
-78.941978
-78.833608
-82.372965
-82.249639
-81.767674
-80.553950
-80.057350
-79.902479
-79.767697
-79.347778
-79.795120
-79.314002
-79.082206
-79.158197
-75.554367
-78.912901
-79.056628
-79.095528
-79.166215
-78.921656
-79.047328
-78.980655
-79.162204
-79.183825
-79.301849
-79.469368
-79.468478
-79.534551
-79.330785
-79.377458
-79.421702
-79.216040
-79.435225
-78.969267
-79.239339
-79.038182
-78.824133
-77.894812
-77.952713
-78.315735
-78.391133
-79.478578
-79.996781
-80.109825
-80.438728
-80.573614
-81.018091
-81.247453
-80.676229
-80.800237
-80.686429
-80.531342
-80.556999
-80.906351
-80.813967
-80.873219
-80.926644
-80.810732
-81.036145
-81.023393
-81.022544
-80.982416
-80.853786
-80.783938
-80.804270
-80.461976
-80.363334
-80.190358
-80.110857
-80.072668
-79.939690
-79.826744
-79.475605
-79.767856
-79.616201
-79.646544
-79.600727
-79.530486
-70.269022
-79.655209
-79.653970
-79.864284
-80.010205
-80.340425
-80.475799
-80.750327
-80.597790
-80.976953
-81.058766
-81.153287
-81.230948
-81.484884
-81.390334
-81.726808
-81.730053
-82.231102
-82.125614
-82.598808
-82.504668
-82.471070
-82.321439
-82.044318
-82.626041
-82.590581
-82.683200
-82.708778
-82.530414
-82.695970
-82.531916
-82.634029
-81.947681
-82.649431
-82.502580
-82.344967
-82.204002
-81.881498
-81.923592
-81.705400
-81.533300
-80.051577
-81.313652
-81.004757
-80.823279
-80.843797
-80.826929
-80.803262
-80.857257
-80.806692
-80.882043
-81.167305
-81.141713
-81.549320
-81.715095
-82.043513
-82.158287
-82.501983
-82.698154
-82.946684
-82.909829
-83.003899
-83.001221
-83.134076
-78.364014
-83.403084
-83.531988
-83.597520
-83.816790
-83.787816
-84.111206
-84.043466
-84.128958
-84.136774
-84.061370
-84.161620
-84.251724
-84.262895
-84.231242
-84.163806
-84.084498
-83.741934
-84.028179
-84.040064
-83.994818
-84.106455
-84.311943
-84.448002
-84.547182
-84.741102
-84.873477
-85.169139
-85.452146
-85.702217
-85.991489
-86.211483
-83.716214
-86.487801
-86.576074
-86.698985
-86.747078
-86.625130
-86.469170
-86.657627
-86.095997
-84.999929
-86.393241
-86.201683
-86.222008
-85.949060
-85.858313
-85.794818
-85.656338
-85.656338
-85.322306
-85.414651
-85.381528
-85.356706
-85.334315
-85.439808
-85.120895
-85.403582
-85.630513
-85.654488
-85.590238
-85.639719
-85.766893
-85.749216
-84.775707
-85.879037
-85.850567
-85.792272
-85.953020
-85.792908
-85.944444
-85.910964
-85.743549
-85.880985
-84.683046
-85.858313
-85.879686
-85.815880
-85.855084
-85.808209
-85.711576
-85.705334
-85.801827
-85.864779
-85.783372
-85.750476
-85.659423
-85.752367
-85.323448
-85.279121
-85.534113
-85.436875
-85.394282
-85.511985
-85.339472
-85.360161
-85.310900
-85.476338
-85.467472
-85.567218
-85.632352
-85.656338
-85.716576
-85.778295
-85.549130
-85.892040
-85.766260
-85.964260
-85.823564
-85.984167
-85.426919
-86.205181
-86.250907
-86.249493
-86.340942
-86.452099
-86.660734
-86.529828
-86.401287
-86.175888
-85.949720
-86.294263
-86.327965
-86.270044
-86.206580
-86.248079
-86.357580
-86.418893
-79.948628
-86.276442
-86.182148
-86.238196
-85.991489
-86.109667
-85.960290
-86.078290
-85.645251
-86.009513
-86.006170
-85.984832
-85.911618
-85.856375
-85.729728
-85.724086
-85.942468
-85.768158
-85.873847
-85.990822
-85.967571
-86.258694
-86.265075
-85.629287
-86.060655
-86.455805
-86.527566
-86.532845
-86.395434
-86.647542
-86.684113
-78.990744
-86.533600
-86.949943
-86.712334
-86.780504
-86.645218
-86.683332
-86.871734
-86.764555
-85.888786
-85.989490
-86.024256
-86.455805
-86.463225
-86.273597
-86.257985
-86.413017
-86.208681
-86.135070
-86.303558
-86.264365
-86.881535
-86.087134
-85.544319
-85.469243
-85.346932
-86.217094
-86.669292
-86.148173
-86.158545
-86.233263
-86.260820
-86.377194
-79.375570
-85.862838
-86.299981
-85.394282
-86.462482
-86.923441
-86.949943
-87.299225
-86.836792
-87.327224
-87.344474
-87.494405
-87.720541
-87.306434
-87.233111
-87.419718
-87.518958
-87.429912
-87.428057
-87.762406
-87.769422
-87.798614
-87.788526
-87.817846
-87.386524
-87.785504
-87.819875
-87.770426
-87.445713
-87.384687
-87.688912
-87.995937
-83.806305
-87.274090
-87.002595
-86.719418
-86.733621
-87.440130
-87.699759
-87.780472
-86.536620
-85.969559
-86.979952
-86.877449
-86.341664
-86.706047
-86.225522
-86.340220
-86.383751
-86.659957
-85.945103
-85.770057
-86.212184
-86.330125
-87.082362
-87.006801
-86.684894
-87.061004
-86.832747
-86.851384
-86.782901
-87.076371
-87.367277
-87.253552
-70.456106
-87.375515
-87.315461
-87.417867
-86.993356
-87.328130
-87.345384
-87.438270
-86.385210
-87.189879
-87.169734
-87.193392
-87.331757
-87.324507
-86.831938
-87.262470
-87.032125
-87.194271
-86.802932
-87.076371
-86.987486
-86.934188
-86.902848
-86.919315
-85.868015
-86.920140
-86.742324
-86.704477
-86.415954
-86.758986
-86.781303
-86.703692
-77.957634
-86.658403
-86.721782
-86.149555
-86.472890
-86.510265
-86.680208
-86.677866
-82.356779
-86.762963
-86.820635
-86.944961
-86.863583
-86.872550
-86.848949
-86.819022
-86.753425
-87.102105
-87.206591
-87.262470
-87.168861
-87.069535
-87.282154
-87.290232
-86.220604
-87.258009
-87.248210
-87.157518
-86.965755
-81.302775
-86.965755
-86.951604
-73.039403
-86.766943
-86.641348
-86.469914
-86.197490
-86.016878
-86.281424
-86.212184
-85.344061
-86.134382
-85.976193
-86.112406
-85.982837
-86.028957
-85.834474
-85.990156
-85.787184
-85.866720
-85.888135
-85.736005
-85.737261
-85.870606
-85.784007
-85.118170
-85.247572
-84.806025
-84.600535
-85.691634
-85.474563
-85.632352
-85.654488
-85.616435
-78.828612
-85.881635
-85.817800
-85.925375
-85.810765
-85.874495
-86.013529
-86.072177
-85.348080
-85.734121
-86.014199
-85.947081
-86.008176
-85.942468
-85.826129
-86.223414
-86.135759
-86.449878
-86.526059
-86.533600
-86.619737
-86.772522
-86.661512
-86.731251
-86.309289
-86.810970
-86.835173
-86.973265
-86.892999
-86.957425
-86.918490
-87.114166
-72.118508
-87.068681
-87.113304
-87.147074
-87.044842
-87.270512
-87.370021
-87.242875
-86.380836
-87.468119
-87.370936
-87.641898
-87.563697
-87.635084
-87.515171
-87.722525
-87.517064
-87.745412
-87.774441
-87.842262
-87.768419
-87.754400
-87.663383
-85.663745
-86.979115
-87.468119
-87.345384
-87.095228
-87.288435
-87.102105
-87.231338
-87.077227
-83.298630
-87.140125
-87.148813
-87.134054
-87.087504
-87.031278
-87.203948
-87.155776
-86.533600
-87.179357
-87.067827
-87.104687
-87.078082
-87.053341
-86.819829
-86.739949
-86.546450
-86.493032
-86.376466
-86.214288
-86.178669
-86.084411
-86.047813
-85.923407
-85.513775
-85.822283
-85.637876
-85.363042
-85.163629
-84.931543
-84.078919
-84.456883
-68.185109
-84.510079
-84.358349
-84.418221
-84.147218
-83.928442
-63.930436
-83.718187
-83.490216
-83.850433
-83.851247
-84.072062
-84.018863
-83.931343
-79.160131
-84.252170
-84.109478
-84.353320
-84.324633
-82.522015
-84.410807
-84.152013
-84.273648
-84.300193
-84.292528
-84.357434
-84.369799
-84.141993
-83.066970
-80.296401
-84.086216
-83.938812
-83.641506
-83.991454
-83.740744
-83.478248
-83.576840
-83.319465
-83.484602
-83.028411
-82.910812
-80.958306
-82.762290
-82.689736
-82.263453
-82.567504
-82.272215
-82.176515
-81.804607
-81.995996
-82.076654
-81.819622
-81.602342
-82.017555
-82.063152
-82.065849
-82.172089
-82.637105
-82.557522
-82.688490
-82.835433
-82.915731
-83.163503
-83.364346
-78.962131
-83.602514
-83.812755
-83.872462
-83.901597
-84.385419
-84.508184
-84.590391
-84.282179
-84.551962
-84.549093
-84.589426
-84.763137
-84.392328
-84.458755
-84.470003
-84.423325
-84.096970
-83.005238
-84.143734
-84.128958
-84.244589
-84.077633
-83.852875
-83.699676
-83.178118
-83.205390
-83.021682
-82.857068
-82.674811
-82.296330
-82.392991
-81.774985
-82.228861
-82.078007
-82.196210
-82.077466
-81.679899
-81.923854
-81.418367
-81.795725
-82.002905
-81.921765
-81.993873
-81.831620
-81.687806
-81.476631
-81.527338
-81.305945
-81.455482
-80.906971
-81.029127
-81.113888
-80.818620
-81.062619
-81.470276
-81.236517
-81.323647
-81.847242
-81.905874
-82.675432
-84.063079
-84.398325
-84.997279
-78.428686
-79.565237
-80.499623
-81.351709
-80.963745
-82.259784
-82.758808
-83.565012
-83.879011
-87.192514
-81.969792
-83.897893
-83.506351
-84.436344
-87.726497
-87.557959
-86.976607
-87.342655
-86.868471
-87.760403
-83.983895
-84.694892
-84.349667
-83.867966
-83.500340
-84.957193
-84.648191
-83.768207
-84.537161
-87.350847
-86.927571
-85.534113
-87.123667
-87.527489
-87.758401
-87.689897
-87.725504
-87.810751
-87.789533
-88.001225
-87.879145
-87.754400
-87.557004
-87.908050
-88.114870
-88.072711
-86.224116
-88.425535
-88.375649
-88.293380
-88.146487
-88.521092
-88.492559
-88.683941
-88.454804
-88.468923
-88.504425
-83.385500
-88.765190
nan
-88.700069
-88.567861
-84.476109
-88.529449
-79.851950
-88.659244
-88.637136
-88.377956
-88.760146
-88.302445
-88.628569
-88.359529
-88.387199
-88.097525
-88.397621
-86.536620
-86.868471
-75.831134
-87.911158
-88.748818
-88.404582
-88.629792
-88.262927
-88.085640
-88.592043
-88.300177
-88.492559
-82.753747
-88.340036
-88.437219
-88.108358
-88.450107
-88.695100
-88.599323
-88.683941
-88.697584
-88.669106
-88.171728
-88.465389
-88.238270
-88.681465
-88.566656
-88.437219
-88.466567
-88.343470
-88.638361
-88.266300
-88.862157
-88.620018
-88.644493
-88.685179
-88.692618
-88.613921
-88.523478
-88.554619
-88.605400
-88.439559
-88.162932
-88.741282
-88.718754
-88.452455
-88.387199
-87.845323
-87.604069
-88.059821
-88.042693
-88.540218
-88.565451
