-48.200869
-85.755438
-88.540557
-85.682942
-89.369906
-86.213450
-88.550178
-85.801228
-89.192618
-88.255400
-88.398738
-86.310126
-87.971864
-86.931408
-86.970657
-86.033514
-87.870936
-88.160447
-87.621938
-87.383171
-86.875010
-88.403909
-87.252631
-87.592652
-86.192878
-88.153604
-87.110508
-87.745542
-86.999018
-87.798325
-87.504277
-87.610717
-87.205262
-87.592652
-87.541447
-87.561004
-87.080649
-87.801927
-88.024644
-87.740210
-87.619346
-80.758510
-87.829037
-87.795626
-87.770512
-87.430878
-87.875515
-87.693392
-87.716296
-87.430878
-87.533818
-87.184113
-87.527048
-87.529586
-87.562709
-87.576371
-87.609855
-87.473265
-87.444131
-87.530432
-87.301326
-87.648813
-87.490839
-87.488324
-85.650436
-87.592652
-87.260577
-87.709236
-87.420140
-87.562709
-87.669734
-87.445791
-87.517757
-87.331130
-87.548240
-87.065416
-87.163067
-87.183332
-87.627992
-87.764256
-87.647943
-87.242324
-85.243101
-87.632321
-87.538903
-87.203692
-87.430051
-87.489162
-87.539751
-87.514383
-87.448281
-87.368471
-87.509327
-87.338411
-87.175526
-87.479952
-87.558448
-87.522822
-87.294107
-87.536360
-87.323055
-87.458258
-86.932145
-86.382284
-86.512190
-86.134193
-86.106669
-85.873431
-86.167453
-85.928089
-85.727970
-85.137935
-84.090999
-84.183200
-85.164847
-84.855148
-84.704230
-85.472972
-85.063455
-85.826877
-86.285278
-85.385855
-85.930430
-84.694529
-82.262890
-79.456854
-73.786678
-75.682113
-74.541170
-82.579901
-84.213453
-85.065373
-85.484052
-85.763318
-85.571026
-85.335534
-85.051962
-84.452538
-84.464218
-84.466307
-84.368783
-84.619423
-84.758870
-84.938207
-85.044316
-85.266653
-85.279233
-85.400340
-85.271681
-85.478245
-85.569948
-85.691800
-85.792712
-86.087809
-86.004236
-86.062387
-86.101185
-86.176738
-86.298003
-77.278986
-85.888480
-86.058164
-85.525987
-85.599142
-85.578038
-85.400858
-85.213714
-85.448801
-85.002507
-84.788475
-84.590945
-84.203608
-83.903451
-83.785391
-82.890374
-83.346076
-83.070533
-82.687600
-82.286607
-81.811611
-81.179169
-80.827930
-80.358762
-79.982594
-79.310597
-78.932191
-78.483378
-78.226695
-77.956341
-77.981711
-77.976457
-77.987537
-70.981096
-77.942641
-77.840655
-77.664931
-77.660046
-77.813744
-78.042888
-78.212315
-78.286108
-78.505248
-78.182221
-78.104552
-77.775254
-77.483885
-77.534157
-77.533649
-77.499737
-77.333798
-77.444546
-77.317169
-77.599525
-58.284259
-61.169790
-60.516608
-61.114640
-58.783514
-60.145174
-61.821151
-61.437414
-68.260843
-72.249124
-68.186933
-68.352261
-64.778185
-64.288265
-62.691122
-79.859770
-79.790442
-79.818729
-79.772963
-79.604932
-79.737369
-79.665385
-79.565543
-79.627092
-79.670230
-79.523293
-79.261028
-79.254226
-79.051495
-78.942721
-78.779594
-78.668427
-78.504401
-78.350635
-78.194431
-78.012901
-77.959890
-77.524343
-77.739322
-77.666677
-77.710030
-77.944037
-77.879181
-75.183589
-78.218458
-78.337266
-78.747220
-78.660187
-78.876802
-79.092164
-79.471251
-79.559058
-79.973228
-79.947610
-80.335614
-80.355841
-80.688782
-80.684581
-81.039118
-80.961044
-81.305077
-81.154146
-81.374449
-81.551497
-81.398096
-81.429343
-81.328552
-81.353786
-81.550002
-81.517879
-81.496313
-81.218557
-81.471288
-81.149081
-81.156486
-77.705886
-80.540224
-79.743845
-79.660960
-79.582341
-79.430953
-79.453690
-79.544098
-79.594711
-78.884886
-79.542080
-79.470590
-79.530262
-79.459624
-79.506188
-79.585600
-79.569737
-79.688691
-79.907635
-79.945396
-78.776887
-80.125113
-80.375023
-80.611545
-80.726950
-80.942068
-81.151418
-81.261702
-81.400158
-81.565618
-81.639533
-81.702547
-80.458747
-82.007601
-82.014962
-82.332387
-82.322427
-82.619600
-82.761759
-83.035522
-83.089363
-83.393476
-83.956640
-83.835699
-84.024055
-84.152378
-83.908961
-84.261026
-83.785391
-83.798272
-83.356420
-83.782177
-83.888059
-83.965568
-84.590945
-84.703789
-84.806516
-85.280241
-85.614358
-85.928089
-85.898349
-86.166217
-86.009003
-86.139719
-86.201594
-86.107888
-86.161892
-86.244178
-86.066009
-85.992343
-85.748695
-85.683495
-85.275204
-85.273190
-85.434154
-84.588365
-85.008658
-84.995420
-84.557527
-84.736131
-84.364698
-84.394603
-84.340678
-84.360618
-84.409015
-84.411490
-84.401597
-84.347586
-84.127568
-84.405716
-84.465471
-84.442135
-84.341897
-84.508301
-84.693648
-84.669057
-79.724728
-84.709531
-84.695851
-84.609046
-84.680896
-84.756189
-84.799291
-84.934947
-84.379830
-84.541340
-81.145384
-84.543466
-84.485154
-84.624188
-84.488513
-84.444630
-84.330135
-84.301072
-84.091766
-84.041073
-83.916687
-83.792543
-83.800423
-83.944763
-83.855987
-84.092916
-84.541340
-84.411077
-84.325682
-84.517171
-84.266610
-84.400362
-84.520132
-84.360618
-84.330135
-84.279001
-84.385979
-84.217793
-84.556247
-84.578919
-84.541340
-84.554114
-84.554541
-84.504926
-84.420578
-84.658561
-84.508301
-84.690567
-84.568638
-84.702465
-84.811038
-84.829174
-84.801548
-84.691007
-84.772751
-84.804709
-84.679140
-84.986931
-84.708205
-84.964844
-84.619856
-84.804257
-84.603866
-84.678701
-81.916508
-84.478024
-84.410252
-84.504504
-84.270204
-84.233212
-84.398716
-84.159381
-84.129114
-84.315579
-84.364290
-84.395426
-84.324064
-84.482217
-84.323256
-84.607319
-84.428442
-84.307917
-84.502818
-84.617259
-84.624621
-84.651577
-84.781729
-84.388852
-84.625922
-84.789826
-84.577204
-84.917757
-84.763343
-85.060579
-85.030494
-79.524097
-84.465889
-85.525987
-85.424763
-85.437288
-85.424242
-85.445658
-85.527588
-85.479828
-84.143445
-84.530299
-84.839181
-85.176643
-84.491875
-84.854691
-84.290223
-84.902482
-84.982693
-84.438397
-84.787125
-83.839677
-85.110703
-83.658643
-85.122839
-85.266653
-83.576834
-79.913344
-85.496749
-85.501520
-85.259123
-85.455618
-85.443564
-85.427891
-70.009124
-83.453629
-83.925534
-85.254610
-85.359595
-85.629627
-85.794981
-85.913485
-85.937461
-86.397252
-86.433255
-86.524927
-86.738902
-85.922826
-86.556595
-84.937276
-85.219178
-86.103012
-85.177628
-86.946917
-86.883022
-86.899091
-86.584411
-86.657853
-86.532990
-83.459260
-85.908239
-86.386184
-86.080530
-85.915818
-85.546304
-86.620634
-82.419678
-83.628904
-82.220574
-80.763674
-79.343104
-79.052576
-79.729920
-85.735241
-85.337066
-84.397070
-85.377084
-85.051483
-83.649630
-84.195747
-80.888381
-76.554364
-77.846567
-80.703165
-80.911914
-83.606904
-83.612736
-83.741315
-83.871265
-83.810832
-83.696981
-83.989842
-82.974033
-81.317204
-80.626365
-81.654381
-81.451204
-82.532790
-72.924699
-83.677769
-83.758324
-84.337837
-83.910064
-82.618508
-83.461912
-83.695231
-83.563574
-82.292430
-82.844104
-82.648377
-84.459208
-84.591375
-84.651577
-84.512100
-84.391316
-84.515057
-84.087551
-84.317194
-84.311948
-84.124476
-84.109052
-84.053976
-83.462575
-83.678466
-83.480189
-83.313264
-83.137413
-83.069321
-82.882531
-82.727180
-78.134111
-82.480096
-82.208381
-82.029245
-81.966514
-81.734512
-81.759761
-81.726943
-78.544403
-81.486622
-81.468563
-81.399540
-81.458097
-81.458306
-81.529764
-81.641931
-81.643022
-81.777500
-81.873278
-81.796442
-82.056993
-82.042379
-81.996701
-82.166589
-81.897268
-82.403794
-82.827452
-82.590199
-82.589114
-81.114369
-82.914279
-82.769669
-73.998464
-82.848133
-82.731663
-82.907561
-82.442695
-82.386932
-82.396263
-82.423070
-81.646296
-82.104040
-81.951733
-81.891951
-81.610639
-81.607825
-81.480104
-81.282733
-81.189179
-81.008851
-80.901971
-80.815471
-80.774556
-80.568067
-80.352923
-80.228143
-79.761632
-79.969368
-79.215260
-78.654811
-78.531063
-78.660187
-78.885002
-79.274410
-78.530211
-79.890844
-80.071157
-80.194257
-80.451280
-80.615159
-80.740220
-80.869171
-80.718478
-80.735438
-80.810786
-81.063484
-81.183092
-81.337083
-81.159022
-81.481995
-81.471707
-81.653943
-81.782904
-81.763123
-81.804586
-81.979931
-81.930004
-82.041183
-81.843706
-82.017102
-82.039510
-82.225311
-82.150622
-82.233550
-82.341601
-82.401715
-73.195658
-82.665183
-82.469000
-82.701217
-82.534397
-82.875572
-82.822298
-82.868913
-82.905810
-82.329831
-81.563261
-83.645823
-83.721203
-83.876004
-84.000716
-84.036907
-84.231232
-84.511678
-84.748155
-84.580206
-84.568638
-84.688367
-84.587505
-83.128190
-84.560516
-84.796134
-84.737021
-84.383109
-84.013499
-83.856350
-83.259124
-83.359011
-82.136180
-83.126655
-82.716832
-82.425421
-82.137157
-81.792376
-81.275511
-80.653898
-80.293361
-80.039826
-80.079215
-79.755553
-80.229718
-80.193319
-80.221533
-80.279952
-80.134351
-80.324328
-80.233659
-80.062810
-79.855721
-79.648814
-79.575154
-79.459888
-79.362544
-79.176146
-79.097623
-78.897968
-78.517233
-78.444036
-78.117223
-78.031191
-73.695266
-77.627473
-77.258827
-77.058958
-77.011241
-76.586385
-72.003024
-76.500492
-76.498089
-76.531780
-76.658545
-77.043347
-76.987204
-77.158015
-77.202357
-77.685755
-78.225802
-78.363841
-78.563576
-78.764501
-78.952690
-78.661833
-78.652181
-78.829980
-78.633704
-78.804714
-78.808460
-78.728112
-78.263608
-78.627272
-78.695566
-78.416863
-78.416863
-78.471695
-78.031951
-77.901706
-77.729034
-77.677869
-77.359675
-76.863673
-76.468830
-76.042516
-76.707561
-76.361545
-75.954736
-75.886451
-75.658512
-75.624386
-75.324317
-74.006463
-75.361597
-73.921624
-75.254610
-75.104745
-75.233167
-75.053444
-75.281451
-75.544161
-75.765121
-76.017536
-76.121388
-76.349535
-76.895068
-76.990790
-72.842436
-77.826952
-78.237935
-78.532235
-78.613893
-79.073773
-79.030525
-79.498193
-79.514465
-79.682436
-80.059476
-79.822744
-80.331257
-80.232871
-80.367860
-80.294321
-77.714618
-63.722762
-63.187080
-63.650919
-63.073932
-63.133626
-64.420462
-66.306083
-65.683462
-70.694915
-63.799552
-66.470726
-64.312408
-66.422613
-64.243316
-77.807877
-76.926030
-77.469842
-77.211705
-77.280504
-77.754265
-77.256364
-77.748388
-77.280664
-77.789334
-77.797605
-77.666764
-77.888361
-77.364641
-77.560663
-77.253901
-77.272283
-77.665717
-77.315316
-77.396279
-77.416676
-77.248188
-77.468340
-77.189038
-77.474100
-77.468924
-77.624445
-78.209148
-78.238433
-79.287453
-79.570955
-79.971446
-80.781706
-75.537257
-81.795765
-82.084435
-82.683163
-83.215979
-83.524709
-84.263817
-84.405304
-85.079307
-85.304504
-85.582899
-86.076290
-86.090845
-86.387485
-86.389436
-86.545789
-86.659238
-86.658545
-86.996773
-86.963225
-85.740281
-87.149092
-87.064656
-86.688418
-87.209190
-86.963967
-87.276511
-87.266147
-86.435228
-87.151418
-87.120507
-87.166178
-84.414793
-86.925514
-86.794263
-86.657161
-86.722711
-86.752322
-86.879379
-86.801411
-86.911549
-86.682148
-86.555919
-86.860480
-86.738902
-86.745253
-84.699377
-86.476857
-86.565396
-85.858433
-85.143792
-83.886231
-80.203956
-77.104520
-81.597019
-85.111188
-86.700285
-86.814309
-87.754443
-87.918793
-88.206675
-88.431938
-82.410297
-88.248406
-80.929093
-88.118580
-87.891119
-87.579794
-87.943851
-87.758009
-88.104069
-87.892958
-88.134111
-87.823601
-88.347366
-87.734884
-87.295710
-79.342590
-88.428815
-88.944244
-88.974820
-88.795645
-88.653058
-88.258401
-88.857232
-88.647582
-88.816077
-80.871545
-88.577016
-88.525632
-88.380174
-88.811528
-88.925535
-89.089618
-89.035429
-88.986638
-87.267740
-88.463295
-88.793380
-88.773055
-88.887199
-88.877956
-88.785465
-88.746101
-88.742743
-88.845761
-88.572711
-88.802445
-88.829752
-88.875649
-88.814939
-88.834320
-88.890670
-88.838892
-88.833177
-88.796777
-88.630105
-88.394606
-88.903421
-88.788855
-88.583482
-88.645393
-88.043650
-87.963441
-88.261404
-88.298614
-88.864129
-88.681644
