-46.839406
-85.456668
-88.390477
-85.388955
-89.034232
-86.663394
-88.465393
-85.899511
-89.309577
-88.336145
-88.274441
-86.444444
-88.018011
-87.062376
-86.985561
-85.920489
-87.941990
-88.227490
-87.695150
-87.353009
-86.880836
-88.391509
-87.130529
-87.327090
-86.254259
-88.379145
-87.228882
-87.944782
-87.076836
-87.829037
-87.598665
-87.475771
-86.811440
-87.652293
-87.688124
-87.743764
-87.095936
-87.689879
-88.055094
-87.722483
-87.547390
-80.767774
-87.863620
-87.648813
-87.711882
-87.470760
-87.828130
-87.861793
-87.731338
-87.383989
-87.681985
-87.205262
-87.492517
-87.431705
-87.608131
-87.566121
-87.581506
-87.668861
-87.495874
-87.661877
-87.385626
-87.685492
-87.483299
-87.751771
-86.209703
-87.578082
-87.353009
-87.663622
-87.519445
-87.549939
-87.848115
-87.429224
-87.596087
-87.633188
-87.813654
-87.595228
-87.724253
-87.521978
-87.919718
-87.760685
-87.774986
-87.396279
-85.307546
-87.609855
-87.695150
-87.429224
-87.532125
-87.587504
-87.595228
-87.504277
-87.531278
-87.566974
-87.641861
-87.367656
-87.479952
-87.740210
-87.627126
-87.729565
-87.618482
-87.747321
-87.566121
-87.059338
-87.234412
-87.379900
-87.247078
-86.967683
-86.841664
-86.859030
-86.718497
-86.751615
-86.611036
-86.157572
-85.797252
-86.158189
-86.072659
-86.467571
-86.579649
-86.628190
-86.915954
-86.829405
-86.913751
-86.104231
-86.795691
-86.236633
-86.304379
-86.736081
-86.513529
-86.568785
-75.706176
-86.650246
-86.588496
-86.496821
-86.172403
-86.073869
-85.668036
-85.426848
-85.158471
-84.771405
-84.666431
-84.650269
-84.457123
-84.622888
-84.429271
-84.627656
-84.941004
-85.286799
-85.537738
-85.705120
-85.805777
-85.826877
-86.027523
-86.093276
-86.010792
-86.182938
-85.067772
-85.679073
-85.987594
-86.472212
-86.585092
-78.711975
-86.747373
-86.391389
-86.126223
-85.983444
-86.121327
-86.236005
-85.748695
-86.044319
-85.827449
-85.533461
-85.526521
-85.314145
-84.640253
-85.234613
-83.933659
-84.652013
-84.463383
-84.143057
-83.742022
-83.410484
-82.746544
-82.368588
-81.856519
-81.598746
-81.160389
-81.009416
-80.726773
-80.314517
-80.320143
-80.158772
-80.278199
-80.400348
-71.403460
-80.398218
-80.271990
-80.368511
-80.333677
-80.121269
-80.324811
-80.364446
-80.339167
-80.313071
-80.337390
-80.169014
-79.951155
-80.024320
-79.944510
-79.995264
-79.830497
-79.674803
-79.921408
-79.857600
-80.185358
-68.816100
-62.735830
-66.763670
-68.085528
-65.824740
-66.476299
-64.941087
-65.915281
-66.358287
-73.373381
-70.972115
-66.727168
-70.032337
-67.865101
-70.352599
-82.178912
-82.114484
-82.285342
-82.042618
-82.267926
-82.252586
-82.148171
-82.271202
-82.143762
-82.299022
-82.034255
-81.936535
-81.775925
-81.535720
-81.675209
-81.282733
-81.254315
-81.006024
-80.872093
-80.810786
-80.402971
-80.524346
-79.923463
-80.220747
-80.264519
-80.116662
-80.180059
-79.931988
-75.015908
-80.584790
-80.584790
-80.847321
-80.844779
-81.089332
-81.310732
-81.398715
-80.874468
-81.924647
-82.107923
-82.316055
-82.158721
-82.759501
-82.539757
-82.902602
-82.876441
-83.109497
-83.224449
-83.490192
-83.668369
-83.371984
-83.743437
-83.502559
-83.405571
-83.548325
-83.400991
-83.611707
-83.248061
-83.415403
-83.309421
-83.157772
-78.758097
-83.010044
-83.131877
-82.191270
-82.604330
-82.485919
-82.242557
-82.088543
-81.679827
-80.449622
-81.382043
-81.338303
-81.549575
-81.420422
-81.665550
-81.840052
-81.731616
-81.976631
-82.042379
-82.511689
-80.608449
-82.682331
-82.874703
-82.961898
-83.004668
-83.179159
-83.389560
-83.589452
-83.571389
-83.577515
-83.688936
-83.900515
-78.904002
-83.900882
-83.844382
-83.962218
-84.054736
-83.973769
-84.048658
-84.039179
-84.217398
-84.174594
-84.662057
-84.387621
-84.533269
-84.639383
-84.285009
-84.490194
-84.090999
-83.869443
-83.621328
-83.962218
-83.957383
-83.552725
-84.477605
-84.550704
-84.767372
-84.909881
-84.963438
-85.074978
-84.962033
-85.065373
-84.948936
-84.863383
-84.465889
-84.342303
-83.878924
-83.816945
-83.465893
-83.380763
-83.907124
-84.275400
-84.652886
-84.961564
-85.387921
-80.910993
-85.506296
-85.343710
-85.061537
-84.974699
-84.928435
-84.904331
-84.790726
-84.855148
-84.924253
-85.173691
-85.228134
-85.236609
-84.936344
-85.285790
-85.444087
-85.571026
-85.466128
-85.716252
-85.813179
-86.020942
-77.319667
-86.112770
-86.029918
-85.989968
-86.028720
-86.006619
-86.111549
-86.001855
-85.574261
-86.037113
-85.382241
-85.914068
-85.978705
-85.868233
-85.928089
-85.853254
-85.712352
-85.768391
-85.863619
-85.738040
-85.833170
-85.540413
-85.555961
-85.387404
-84.915902
-85.110703
-85.436243
-85.378115
-85.207266
-85.409158
-85.306025
-85.391540
-85.208257
-85.355490
-85.548448
-85.548984
-85.376568
-85.568870
-85.543625
-85.657577
-85.337066
-85.686262
-85.759376
-85.769519
-85.672999
-85.867079
-85.820593
-86.017357
-86.085381
-86.168690
-86.409002
-86.247956
-86.326770
-86.171784
-86.343479
-86.559301
-86.152639
-86.607613
-86.551189
-86.577610
-86.519559
-86.675888
-86.655777
-86.600093
-81.822283
-86.403123
-85.990561
-85.832598
-85.908239
-85.586684
-85.405525
-85.636735
-85.343198
-85.430499
-85.399304
-85.364731
-85.626351
-85.405525
-85.316178
-85.493042
-85.288819
-85.482467
-85.587225
-86.117046
-85.832025
-86.043718
-86.211576
-85.443564
-85.800092
-86.173641
-85.588307
-86.074474
-85.963930
-86.274491
-86.254890
-78.364969
-85.186991
-86.763656
-86.457645
-86.358313
-86.482172
-86.428656
-86.476857
-86.447081
-83.700833
-85.780817
-85.727970
-86.029319
-85.852104
-84.984576
-85.888480
-84.597401
-85.521722
-84.248686
-84.792078
-85.519059
-86.482837
-85.575340
-86.547138
-86.523584
-85.011500
-85.296401
-86.589859
-86.562009
-86.565396
-86.856856
-86.830125
-86.753030
-69.998340
-86.420129
-86.914485
-86.639204
-84.417684
-86.121938
-87.112045
-87.260577
-87.202122
-87.328706
-87.266147
-87.504277
-87.643598
-87.008764
-84.915439
-84.130661
-84.709973
-84.531571
-84.799742
-87.435843
-87.375815
-87.462421
-86.845999
-87.241532
-86.887399
-82.434834
-81.663138
-81.484518
-82.647002
-82.210618
-81.580215
-87.420140
-80.454929
-79.773105
-79.366288
-79.387131
-78.879572
-82.833187
-84.693208
-86.910815
-86.736786
-85.439902
-86.536355
-86.496821
-86.000070
-86.229101
-79.419564
-81.916973
-83.558146
-82.908145
-80.492594
-85.126243
-85.451422
-85.457193
-85.667485
-85.426848
-85.395679
-85.721828
-75.022981
-73.053807
-74.343115
-73.228595
-74.318527
-74.139645
-73.213317
-84.682653
-84.445461
-82.308420
-81.904212
-83.327709
-81.551925
-84.143445
-84.706880
-84.607750
-83.426901
-81.100100
-86.095100
-86.038913
-85.918153
-86.004832
-85.859009
-85.921073
-85.341153
-85.792145
-85.519059
-85.621441
-85.421638
-85.521722
-84.847385
-85.363190
-85.123325
-85.213714
-84.909418
-85.074978
-85.015292
-84.808777
-78.803693
-84.611638
-84.511255
-84.301877
-84.051316
-84.139955
-84.027453
-83.923689
-79.474428
-83.374909
-83.351245
-83.188179
-83.082368
-83.073565
-83.172638
-83.103692
-83.193475
-83.367439
-83.585014
-83.873087
-83.988344
-84.146938
-84.440889
-84.691447
-84.092916
-84.818283
-85.141839
-85.187978
-84.896941
-82.554263
-85.246600
-85.219178
-74.646739
-85.265648
-85.082196
-84.952674
-84.759764
-84.747263
-84.705996
-84.406541
-83.731776
-84.182025
-84.120229
-83.995463
-83.963706
-83.750520
-83.592868
-83.331248
-83.172949
-82.994830
-82.765712
-82.890374
-82.546735
-82.417070
-82.658012
-82.466626
-82.183357
-82.292430
-82.371167
-82.443220
-82.466099
-82.709576
-82.540830
-82.771366
-80.788331
-82.918081
-82.926282
-82.916326
-82.971070
-83.149123
-83.160246
-83.065082
-82.885434
-82.879050
-82.965150
-83.027713
-83.045152
-83.226019
-83.066898
-83.305580
-83.423284
-83.498879
-83.579559
-83.463902
-83.528411
-83.452967
-83.563574
-83.429534
-83.000492
-83.244274
-83.074778
-83.223821
-83.068715
-82.974329
-82.926575
-82.830032
-73.343622
-82.558570
-82.397301
-82.318093
-82.005703
-82.010686
-81.732284
-81.767387
-81.405732
-79.994965
-80.389383
-81.852396
-82.067805
-81.802096
-81.995281
-81.887564
-82.491485
-82.700104
-83.061754
-83.536838
-83.501221
-83.848368
-83.812989
-82.207636
-83.488523
-83.359334
-83.093626
-82.733625
-82.458459
-82.032823
-81.840280
-81.769632
-81.297818
-81.522120
-81.482626
-81.642804
-81.550643
-81.826604
-81.785157
-81.875119
-81.568619
-81.701220
-81.529552
-81.354194
-81.408211
-81.050523
-81.033047
-80.995863
-80.758688
-80.751931
-80.700882
-80.834444
-80.534812
-80.777057
-80.540563
-80.553105
-80.618431
-80.476722
-80.547507
-80.162649
-80.037112
-79.928458
-79.521151
-79.406639
-73.309389
-79.045133
-78.664689
-78.491606
-78.392851
-78.039652
-72.864604
-77.904104
-77.711706
-77.851576
-77.918978
-78.369587
-78.361279
-78.675251
-78.325055
-78.909346
-79.384795
-79.258760
-79.693841
-79.675219
-80.077085
-79.988701
-80.045863
-80.188010
-80.053269
-80.270558
-80.321591
-80.336421
-80.285853
-80.344502
-80.421209
-80.120501
-79.969368
-80.271354
-80.182084
-80.100115
-79.705974
-79.788307
-79.461339
-79.251458
-79.260776
-77.877714
-78.924485
-78.329630
-78.116158
-78.067430
-77.769707
-77.673319
-77.341164
-76.610899
-77.207775
-76.345797
-77.033524
-77.232120
-77.378102
-77.261849
-77.406795
-77.684001
-77.843474
-78.264309
-78.284396
-78.729004
-78.996827
-79.250452
-73.565748
-79.953815
-80.387258
-80.496278
-80.617225
-81.186822
-81.242761
-81.714950
-81.661166
-81.866153
-82.021622
-82.070211
-82.448994
-82.112296
-82.699548
-82.405614
-81.233024
-69.631400
-69.131565
-67.874910
-64.247740
-75.129406
-65.507454
-63.885617
-65.557992
-64.719509
-63.263675
-67.849034
-65.841886
-65.518899
-66.424404
-80.210069
-79.664555
-79.883128
-79.623528
-79.691752
-79.777930
-79.557978
-79.868895
-79.185179
-79.730342
-79.782191
-79.806420
-80.035003
-79.777504
-79.851964
-79.491541
-79.458568
-79.408465
-79.126369
-79.056663
-78.772829
-78.696451
-78.587690
-78.647363
-78.688599
-78.942721
-79.254856
-80.027326
-80.248191
-80.993420
-81.217371
-81.592488
-82.269689
-69.661831
-83.580241
-84.087168
-84.578919
-84.749939
-84.991645
-85.523321
-85.520657
-85.976338
-86.201594
-86.364779
-86.680061
-86.731151
-87.142122
-86.981085
-87.243116
-87.149092
-87.213908
-87.538903
-87.296512
-85.305011
-87.392179
-87.389720
-86.148944
-86.866287
-86.726929
-86.993780
-86.966196
-86.658545
-87.193500
-87.127443
-87.054027
-86.118880
-86.807856
-86.624753
-86.124387
-85.946854
-85.743084
-85.780817
-85.889060
-86.312682
-86.395297
-86.369311
-87.009514
-87.269333
-87.632321
-85.520124
-87.865448
-88.227490
-87.931768
-87.955968
-88.138003
-88.071358
-88.247408
-88.261404
-88.269422
-88.345323
-86.701683
-88.676132
-88.712642
-88.670627
-88.740506
-84.390905
-88.387384
-71.499140
-88.165341
-87.952236
-88.079032
-88.341242
-88.356568
-88.788855
-88.411158
-88.792249
-88.407014
-88.677234
-87.843565
-87.531278
-79.509924
-88.460149
-89.046213
-89.122460
-89.101753
-88.785465
-88.437148
-88.992559
-88.707090
-88.897621
-80.965708
-88.693795
-88.739388
-88.643206
-88.704872
-88.899940
-88.958329
-89.019899
-89.101753
-87.969991
-88.567335
-88.957154
-88.720426
-89.003236
-88.945416
-88.850345
-88.826329
-88.869885
-88.889513
-88.593199
-88.968923
-88.954804
-88.898780
-88.937219
-89.024671
-88.939559
-88.845761
-88.939559
-88.840036
-88.738270
-88.566261
-88.868733
-88.850345
-88.829752
-88.653058
-88.135084
-88.029387
-88.434021
-88.292558
-88.712642
-88.681644
